%YAML:1.0
---
data: !!opencv-matrix
   rows: 256
   cols: 1
   dt: f
   data: [ 1.50427841e+02, 0., 7.41576552e-01, 8.79148102e+00,
       3.63018837e+01, 6.12408295e+01, 3.25195045e+01, 7.71090775e+01,
       2.01960938e+02, 2.21469818e+02, 2.07912399e+02, 2.79088013e+02,
       1.65946518e+02, 1.66528641e+02, 2.43477310e+02, 2.38785675e+02,
       3.14488464e+02, 2.36889969e+02, 4.73460449e+02, 2.90865692e+02,
       1.90140762e+02, 1.79095047e+02, 2.01496643e+02, 2.98058929e+02,
       2.04663269e+02, 2.78056091e+02, 2.38298019e+02, 3.72213837e+02,
       1.77881195e+02, 1.86831589e+02, 2.08141937e+02, 2.20674088e+02,
       1.98323547e+02, 2.73962341e+02, 3.24930298e+02, 500.,
       2.63345490e+02, 7.47148361e+01, 1.27175819e+02, 1.14838753e+02,
       8.40453568e+01, 7.35202026e+01, 5.86740952e+01, 5.70569382e+01,
       5.95100403e+01, 6.10969162e+01, 1.38169220e+02, 4.81659775e+01,
       4.11621056e+01, 7.77178116e+01, 4.04021721e+01, 7.42058258e+01,
       3.07309456e+01, 2.26555298e+02, 2.95832653e+01, 1.32947250e+02,
       4.07558174e+01, 3.53235092e+01, 2.98430672e+01, 1.71007881e+01,
       2.30673046e+01, 1.39665728e+01, 2.54451656e+01, 9.68061066e+00,
       1.36037607e+01, 1.45353880e+01, 1.32034731e+01, 2.03755493e+01,
       2.32616367e+01, 1.52548666e+01, 1.36126986e+01, 1.11970348e+01,
       1.92391472e+01, 1.63724728e+01, 1.59595156e+01, 1.02513018e+01,
       1.73025341e+01, 1.15575094e+01, 1.85194912e+01, 1.77860756e+01,
       1.22918968e+01, 1.88849812e+01, 1.02800617e+01, 2.23044930e+01,
       1.09086046e+01, 2.77065697e+01, 1.05281172e+01, 1.36979361e+01,
       2.34704094e+01, 2.05925770e+01, 1.56034803e+01, 1.56258230e+01,
       1.51651602e+01, 2.06338921e+01, 3.51285286e+01, 1.13482971e+01,
       3.42381401e+01, 3.30521393e+01, 4.33996391e+01, 2.80825157e+01,
       6.15343246e+01, 1.89096088e+01, 4.25971527e+01, 2.21352310e+01,
       1.60727062e+01, 1.69921150e+01, 8.65633678e+00, 1.53092947e+01,
       1.03316603e+01, 1.05851078e+01, 1.15473804e+01, 5.10699892e+00,
       9.55460739e+00, 9.90384674e+00, 7.84414482e+00, 8.76373386e+00,
       5.52922344e+00, 3.65063024e+00, 6.24913406e+00, 8.78281975e+00,
       3.49311376e+00, 3.45519805e+00, 3.15568233e+00, 4.87599945e+00,
       4.94828463e+00, 8.06784439e+00, 1.45325577e+00, 5.51159954e+00,
       5.76174080e-01, 1.27478659e+00, 2.31470442e+00, 2.97528052e+00,
       1.59759927e+00, 1.76466930e+00, 9.95731235e-01, 2.69314480e+00,
       1.93956816e+00, 1.59358704e+00, 5.05252600e-01, 1.24376416e+00,
       2.36378598e+00, 2.44789049e-01, 1.96930087e+00, 4.87112433e-01,
       2.42378250e-01, 2.55433232e-01, 4.85854924e-01, 3.64809543e-01,
       4.86731619e-01, 2.43446723e-01, 8.82157758e-02, 2.19966006e-03,
       3.23750253e-04, 4.01141064e-04, 3.59387882e-03, 2.41980270e-01,
       2.43346319e-01, 4.40425938e-05, 4.84968096e-01, 3.66105497e-01,
       1.31759599e-01, 2.04960443e-03, 3.83355375e-03, 3.95971729e-04,
       8.77347887e-02, 2.49645159e-01, 8.96273777e-02, 1.24702440e-03,
       8.50270331e-01, 7.33220018e-04, 1.51737905e+00, 8.89142379e-02,
       9.05186869e-04, 1.46808643e-05, 8.16911273e-03, 9.36899304e-01,
       4.53617517e-03, 2.93617286e-05, 3.94739816e-03, 2.12327950e-02,
       4.68061818e-03, 4.24677521e-01, 0., 5.03132045e-01, 0.,
       3.62970382e-01, 2.20212969e-05, 7.77262670e-04, 7.33220018e-04,
       1.46808643e-05, 5.48633165e-04, 1.46808643e-05, 0.,
       2.47901365e-01, 0., 0., 4.68061818e-03, 0., 8.62801634e-03,
       2.19966006e-03, 1.46808643e-05, 0., 0., 5.88777068e-04,
       9.52181071e-02, 7.33220018e-04, 5.88777068e-04, 8.62801634e-03,
       2.70691933e-03, 0., 0., 8.99462681e-03, 7.33220018e-04, 0.,
       7.89479632e-03, 7.33220018e-04, 0., 4.41582815e-04,
       3.66610009e-04, 2.94388534e-04, 9.12853926e-02, 0., 0.,
       3.94739816e-03, 0., 0., 0., 4.23944324e-01, 0., 0., 0., 0., 0.,
       0., 8.73233154e-02, 0., 0., 0., 0., 0., 8.73233154e-02, 0., 0.,
       0., 4.23944324e-01, 0., 4.23944324e-01, 0., 7.89479632e-03, 0.,
       0., 0., 0., 0., 0., 0. ]
