%YAML:1.0
---
data: !!opencv-matrix
   rows: 256
   cols: 1
   dt: f
   data: [ 500., 0., 0., 0., 1.14937082e-01, 2.88747501e+01,
       5.00431786e+01, 9.39925480e+00, 4.78909485e+02, 6.53317566e+01,
       1.66946625e+02, 6.39222670e+00, 3.73768997e+00, 2.60266685e+01,
       1.30678988e+00, 3.94446838e+02, 1.02180779e+00, 2.44643600e+02,
       1.72463036e+00, 1.95892296e+01, 3.40594147e+02, 7.14360809e+01,
       1.12923908e+00, 2.16453079e+02, 1.69210449e+02, 8.89067268e+00,
       3.65519261e+00, 1.41198683e+01, 1.54512092e-01, 0.,
       2.10725372e+02, 0., 2.68144250e-01, 5.59678698e+00,
       3.80694618e+01, 2.46811080e+00, 1.06499729e+01, 4.14648086e-01,
       7.86333771e+01, 4.98746967e+00, 4.08124466e+01, 5.22592783e+00,
       2.71200161e+01, 3.09516311e-01, 2.76675314e-01, 1.46632553e+02,
       8.78927946e-01, 2.25424528e+00, 1.43918486e+01, 5.10595620e-01,
       1.85233593e+01, 4.71675277e-01, 3.34001780e-01, 2.05569134e+01,
       3.60294800e+01, 1.48637855e+00, 3.61954570e-01, 2.08659887e+00,
       9.20075700e-02, 0., 8.77197952e+01, 0., 1.10172201e-04,
       7.72575319e-01, 6.05725718e+00, 2.44270153e+01, 2.07354221e+01,
       3.90134901e-01, 3.71865606e+00, 1.40631943e+01, 1.44630264e+02,
       2.70875126e-01, 1.04521961e+01, 3.37842751e+00, 2.49211717e+00,
       5.38335228e+01, 4.95858669e+00, 2.07303391e+01, 4.04847260e+01,
       6.36378670e+00, 1.97148190e+01, 8.58619499e+00, 1.02085953e+01,
       5.57098579e+01, 6.26397896e+01, 1.48079971e+02, 4.36451149e+01,
       1.62111855e+01, 6.28858795e+01, 9.38648820e-01, 1.57569901e+02,
       3.09935455e+01, 3.64046211e+01, 1.38654060e+01, 9.46503143e+01,
       1.34044281e+02, 1.57488739e+02, 9.10869694e+00, 1.94343369e+02,
       2.36062881e+02, 1.27779030e+02, 1.24330986e+02, 1.35872993e+01,
       4.75129013e+01, 9.25056381e+01, 4.88601723e+01, 4.19653854e+01,
       5.32592392e+01, 5.54517746e+00, 3.70419998e+01, 3.71338844e+00,
       9.51348114e+00, 1.32327681e+01, 1.11053066e+01, 3.69699974e+01,
       3.27125883e+00, 1.37366354e-01, 2.75637984e-01, 1.83153793e-01,
       1.83153793e-01, 1.51775265e+01, 0., 0., 1.15980091e+01,
       8.17606509e-01, 3.04680475e-06, 7.83283591e-01, 0.,
       1.97849903e+01, 2.33601853e-02, 2.57609730e+01, 1.28481016e-01,
       2.15059781e+00, 0., 0., 2.07119350e+01, 0., 0., 8.76870513e-01,
       0., 1.55617440e+00, 0., 0., 3.57721877e+00, 1.68463688e+01,
       2.03120317e-06, 0., 0., 0., 0., 6.52336931e+00, 0., 0., 0., 0.,
       7.83491731e-01, 1.51867613e-01, 0., 2.33652629e-02,
       2.47704535e-04, 1.44999065e+01, 0., 1.16831400e-02, 0., 0.,
       2.70802379e+00, 0., 1.38482049e-01, 4.15803719e+00,
       2.45283961e-01, 5.27381778e-01, 1.16800927e-02, 0.,
       5.36684189e+01, 5.72409821e+01, 1.97580948e-01, 2.22185716e-01,
       0., 0., 0., 0., 0., 0., 0., 0., 0., 0., 0., 0., 0., 0., 0., 0.,
       0., 0., 0., 0., 0., 0., 0., 0., 0., 0., 0., 0., 0., 0., 0., 0.,
       0., 0., 0., 0., 0., 0., 0., 0., 0., 0., 0., 0., 0., 0., 0., 0.,
       0., 0., 0., 0., 0., 0., 0., 0., 0., 0., 0., 0., 0., 0., 0., 0.,
       0., 0., 0., 0., 0., 0., 0., 0., 0., 0., 0., 0., 0., 0., 0. ]
