%YAML:1.0
---
data: !!opencv-matrix
   rows: 256
   cols: 1
   dt: f
   data: [ 0., 0., 0., 0., 0., 0., 0., 0., 0., 0., 0., 0., 0., 0., 0.,
       5.45815639e-02, 1.46426332e+00, 0., 3.02440614e-01,
       2.15546531e-03, 1.36712000e-01, 4.62359697e-01, 5.01091003e-01,
       5.64778507e-01, 2.23667884e+00, 1.27382994e+01, 2.94650364e+01,
       5.82119446e+01, 4.80534210e+02, 4.99999969e+02, 2.55538254e+02,
       1.77619522e+02, 6.11725883e+01, 3.47646370e+01, 4.61846962e+01,
       2.22207413e+01, 2.29907475e+01, 1.68510647e+01, 1.50686722e+01,
       2.12386398e+01, 2.43668861e+01, 3.74486732e+01, 7.41129150e+01,
       7.18642349e+01, 6.50853958e+01, 6.47076340e+01, 7.64588242e+01,
       8.01201401e+01, 1.01219147e+02, 1.00098396e+02, 1.05466400e+02,
       1.66165512e+02, 1.08343002e+02, 1.12591682e+02, 1.00865074e+02,
       1.30567932e+02, 9.11366577e+01, 9.32108765e+01, 9.51684341e+01,
       8.26997681e+01, 1.12542740e+02, 2.32034485e+02, 1.72103439e+02,
       2.19684052e+02, 2.57084229e+02, 3.34842072e+02, 3.72733734e+02,
       3.27944855e+02, 2.70475708e+02, 1.99051392e+02, 1.26921242e+02,
       1.10216103e+02, 8.72533875e+01, 6.21504822e+01, 7.49629364e+01,
       4.92206879e+01, 5.05223389e+01, 3.90028305e+01, 4.51246529e+01,
       6.07950516e+01, 5.48742981e+01, 4.70945282e+01, 5.49696388e+01,
       4.44606895e+01, 4.67618484e+01, 5.24805298e+01, 5.00942116e+01,
       4.22115936e+01, 4.20793648e+01, 4.92446594e+01, 5.45513268e+01,
       4.60876541e+01, 4.38483238e+01, 3.91980896e+01, 3.99102135e+01,
       3.43953323e+01, 2.25182590e+01, 2.81111774e+01, 1.95357018e+01,
       1.58864918e+01, 2.09913120e+01, 3.76892242e+01, 3.37876587e+01,
       2.90931816e+01, 3.28364029e+01, 2.56266308e+01, 2.43827171e+01,
       3.21763268e+01, 2.37291431e+01, 2.65356960e+01, 3.28208618e+01,
       2.43489723e+01, 3.74367256e+01, 2.29591618e+01, 2.77451801e+01,
       3.72802887e+01, 2.85470581e+01, 3.17426014e+01, 3.97550735e+01,
       4.10536652e+01, 4.43747330e+01, 2.42913933e+01, 3.74395676e+01,
       3.81533661e+01, 3.80303383e+01, 3.03125801e+01, 2.62796478e+01,
       2.79751549e+01, 2.41887512e+01, 4.26323738e+01, 3.25043640e+01,
       2.20100193e+01, 2.44985027e+01, 3.59247284e+01, 3.35670586e+01,
       3.45838661e+01, 3.66693420e+01, 5.11528893e+01, 4.41958351e+01,
       4.74404411e+01, 4.51559525e+01, 5.77958603e+01, 6.65678482e+01,
       6.29221725e+01, 8.46548309e+01, 7.84003143e+01, 5.12440033e+01,
       4.99958687e+01, 4.15374756e+01, 4.94898682e+01, 5.43773499e+01,
       7.30411148e+01, 7.88997498e+01, 5.12381744e+01, 4.83118629e+01,
       4.29498024e+01, 4.86687012e+01, 5.26012230e+01, 3.62060966e+01,
       4.27182159e+01, 3.72649155e+01, 3.16046810e+01, 1.87744503e+01,
       1.92956390e+01, 1.74586658e+01, 2.13611355e+01, 1.33689461e+01,
       1.76945667e+01, 1.69584789e+01, 1.66188946e+01, 1.99422989e+01,
       2.73683453e+01, 2.16852970e+01, 1.50838642e+01, 3.06047649e+01,
       2.81673965e+01, 2.39798260e+01, 3.52003021e+01, 3.89226685e+01,
       6.40001526e+01, 5.62748871e+01, 7.27986221e+01, 8.92587051e+01,
       1.15015846e+02, 8.36044235e+01, 1.23240486e+02, 9.69064636e+01,
       7.76299133e+01, 1.02196327e+02, 8.57932434e+01, 6.31072388e+01,
       5.01693344e+01, 3.04778004e+01, 2.58643265e+01, 1.37284489e+01,
       2.60154991e+01, 2.03087788e+01, 1.93134499e+01, 1.34358768e+01,
       1.18179083e+01, 7.46508789e+00, 8.20912457e+00, 6.65899229e+00,
       6.03148937e+00, 6.06908464e+00, 5.82294035e+00, 1.61178589e+00,
       4.73978901e+00, 6.45404100e-01, 2.59245610e+00, 1.30283856e+00,
       5.24174929e-01, 3.79785895e-01, 2.69143224e-01, 6.20950639e-01,
       6.94381535e-01, 8.60774145e-03, 3.74776393e-01, 3.77672678e-03,
       1.62126136e-03, 7.49771018e-03, 4.28087031e-03, 3.68846394e-03,
       3.71963441e-01, 8.60277377e-03, 8.58018175e-03, 1.15526505e-02,
       5.61731961e-03, 5.05135488e-03, 1.29468348e-02, 2.05820631e-02,
       1.26345176e-02, 1.59448329e-02, 1.69246197e-02, 3.43097188e-02,
       1.73000302e-02, 1.96661446e-02, 2.34219208e-02, 1.60225406e-02,
       1.74189955e-02, 1.08004995e-02, 1.17225265e-02, 1.02177979e-02,
       1.04308501e-02, 3.85071784e-01, 1.16059929e-02, 8.63094814e-03,
       5.49685024e-03, 2.83961440e-03, 3.57193034e-03, 2.49256589e-03,
       2.24200287e-03, 1.50472787e-03, 6.94097194e-04, 0., 0. ]
