%YAML:1.0
---
data: !!opencv-matrix
   rows: 256
   cols: 1
   dt: f
   data: [ 3.36243683e+02, 2.34541168e+02, 3.50229950e+02,
       2.63112488e+02, 3.22114563e+02, 1.89542709e+02, 1.96138474e+02,
       7.33943710e+01, 7.34327393e+01, 5.26848297e+01, 1.16982529e+02,
       2.19546890e+01, 1.60662746e+01, 6.81855154e+00, 1.94855137e+01,
       8.95963573e+00, 2.74523659e+01, 5.72375488e+01, 1.74913597e+00,
       3.23448944e+01, 1.01017141e+00, 3.60147715e-01, 1.46938829e+01,
       1.22123651e-01, 1.12483665e+02, 1.40429411e+01, 2.48493962e-02,
       1.70510197e+00, 4.11047906e-01, 3.98508348e-02, 2.22360096e+01,
       0., 0., 1.13937168e+01, 1.59527093e-01, 5.44498444e-01,
       1.05432823e-01, 4.71992372e-03, 5.34240723e+01, 1.64454821e-02,
       3.70414734e+01, 1.98500705e+00, 1.18891604e-01, 1.34167401e-02,
       3.59145692e-04, 1.24707596e+02, 3.97479534e+00, 3.98852706e+00,
       2.01329678e-01, 1.77790910e-01, 4.28642082e+00, 5.00121534e-01,
       6.39548898e-01, 7.73314476e-01, 3.13144512e+01, 1.99939835e+00,
       9.49139148e-03, 2.94894838e+00, 2.06530511e-01, 0.,
       1.12698736e+01, 0., 2.29075506e-01, 4.19014454e+00,
       7.36871004e+00, 2.01903019e+01, 2.97829366e+00, 2.46494555e+00,
       7.66608906e+00, 2.04811001e+01, 6.07171974e+01, 6.82749081e+00,
       1.75718555e+01, 3.97395283e-01, 1.40761347e+01, 1.57679214e+01,
       8.33627415e+00, 8.90938416e+01, 8.64772415e+01, 7.39321232e+00,
       3.42727318e+01, 1.37913713e+01, 4.99242401e+01, 3.38510857e+01,
       9.59417496e+01, 3.66132050e+02, 1.36869171e+02, 5.21036072e+01,
       1.32628281e+02, 3.36930847e+01, 3.00865875e+02, 7.79817276e+01,
       7.98867798e+01, 1.95499554e+01, 2.75049316e+02, 1.68640778e+02,
       2.55722931e+02, 6.52763901e+01, 500., 3.11926910e+02,
       2.56406769e+02, 2.83831360e+02, 9.50100555e+01, 5.84076729e+01,
       9.58902130e+01, 4.37540855e+01, 2.61702499e+01, 6.80402679e+01,
       1.06533308e+01, 1.56909065e+01, 5.21953440e+00, 6.02716506e-01,
       2.14577122e+01, 3.23576421e-01, 1.12382269e+01, 1.08827698e+00,
       1.61010344e-02, 4.12242234e-01, 5.17558241e+00, 4.00156341e-02,
       6.66350889e+00, 4.79817055e-02, 3.22908126e-02, 1.04592383e-01,
       5.69864758e-04, 2.67964095e-01, 9.71924663e-02, 2.94617785e-04,
       5.72703648e+00, 3.99579704e-02, 8.15363026e+00, 5.37885380e+00,
       2.14462605e-04, 9.58036855e-02, 8.80825669e-02, 1.88933506e+01,
       1.00036412e-01, 2.15658516e-01, 5.61933182e-02, 5.63272350e-02,
       1.47762761e-01, 5.63894510e-02, 5.08561611e-01, 4.03283238e-02,
       9.05183256e-01, 7.84963655e+00, 3.21756788e-02, 5.18541527e+00,
       3.21531855e-02, 2.42593698e-02, 1.05223398e+01, 4.00389060e-02,
       8.01038146e-02, 9.26258639e-02, 5.39334154e+00, 3.08244228e+00,
       5.23600864e+00, 2.44497985e-01, 6.29471719e-01, 1.38237944e+01,
       3.28754272e+01, 3.37583274e-01, 8.20531368e+00, 9.79424641e-02,
       8.47259235e+00, 1.05733061e+01, 7.89103365e+00, 1.20432034e+01,
       1.91048450e+01, 3.27933341e-01, 1.96058846e+01, 5.58603668e+00,
       5.11163354e-01, 6.59731627e+00, 5.44475555e+01, 7.92032928e+01,
       4.64371758e+01, 5.40578079e+01, 8.74719391e+01, 1.15888794e+02,
       0., 0., 0., 0., 0., 0., 0., 0., 0., 0., 0., 0., 0., 0., 0., 0.,
       0., 0., 0., 0., 0., 0., 0., 0., 0., 0., 0., 0., 0., 0., 0., 0.,
       0., 0., 0., 0., 0., 0., 0., 0., 0., 0., 0., 0., 0., 0., 0., 0.,
       0., 0., 0., 0., 0., 0., 0., 0., 0., 0., 0., 0., 0., 0., 0., 0.,
       0., 0., 0., 0., 0., 0., 0., 0., 0., 0., 0., 0. ]
