%YAML:1.0
---
data: !!opencv-matrix
   rows: 256
   cols: 1
   dt: f
   data: [ 0., 0., 0., 0., 0., 0., 0., 0., 1.45930444e-05, 0., 0., 0.,
       0., 1.45930444e-05, 0., 6.63692990e-05, 2.91860888e-05,
       6.21869206e-01, 4.37791314e-05, 2.88902840e-04, 3.24669236e-04,
       6.22083008e-01, 3.76725045e-04, 2.23286552e-04, 2.36949898e-04,
       1.22475064e+00, 1.43841076e+00, 5.84510803e-01, 9.74260390e-01,
       5.84281206e-01, 1.25228333e+00, 1.55846059e+00, 7.31337011e-01,
       6.40413702e-01, 9.91843462e-01, 2.23449302e+00, 2.48573327e+00,
       4.67184496e+00, 2.07543540e+00, 4.30864668e+00, 9.11734104e+00,
       9.03399467e+00, 6.93571377e+00, 1.07070293e+01, 7.31487036e+00,
       2.28844509e+01, 2.20626163e+01, 1.55751247e+01, 2.22444153e+01,
       5.70221443e+01, 4.62854881e+01, 6.59778442e+01, 2.44488201e+01,
       5.94527664e+01, 5.88217125e+01, 5.33318520e+01, 2.59203358e+01,
       6.06801147e+01, 2.44216042e+01, 1.13250526e+02, 1.00382950e+02,
       7.69908295e+01, 5.90722771e+01, 6.87974319e+01, 7.63849335e+01,
       7.73742142e+01, 3.83951073e+01, 1.25246185e+02, 1.19417778e+02,
       4.45091820e+01, 8.50691147e+01, 1.89186462e+02, 9.16081467e+01,
       2.61898865e+02, 1.88780182e+02, 1.48159225e+02, 3.44706940e+02,
       1.88274353e+02, 2.20699188e+02, 1.55440979e+02, 3.03168213e+02,
       1.84955078e+02, 2.74444305e+02, 1.21642853e+02, 2.42701202e+02,
       1.90802444e+02, 3.28415649e+02, 1.49105438e+02, 1.10397919e+02,
       2.22617462e+02, 1.67299774e+02, 2.27352264e+02, 2.12411118e+02,
       3.57138062e+02, 2.65557037e+02, 1.75578033e+02, 3.38594391e+02,
       1.74087112e+02, 2.49282883e+02, 2.03586838e+02, 3.50085297e+02,
       2.89213104e+02, 2.48195404e+02, 2.70007843e+02, 2.66700104e+02,
       2.05175919e+02, 1.82681122e+02, 3.23479309e+02, 3.24847504e+02,
       3.38291870e+02, 2.35882477e+02, 2.49669281e+02, 2.21144516e+02,
       3.10535126e+02, 3.03636292e+02, 3.26876526e+02, 3.21067657e+02,
       3.26807770e+02, 3.26975433e+02, 2.12414749e+02, 3.24223419e+02,
       3.09601715e+02, 3.01261627e+02, 4.30305237e+02, 3.04463989e+02,
       4.81437927e+02, 4.04008057e+02, 5.00000031e+02, 4.23733521e+02,
       3.30636536e+02, 4.14616882e+02, 2.80326477e+02, 4.62962158e+02,
       3.90624023e+02, 2.49746460e+02, 3.29922424e+02, 4.02442505e+02,
       3.34882172e+02, 2.45531723e+02, 3.77149414e+02, 2.15214890e+02,
       3.83032684e+02, 3.14838623e+02, 2.51200623e+02, 2.58350647e+02,
       3.93365387e+02, 1.49959747e+02, 2.62300293e+02, 3.25980957e+02,
       1.77844894e+02, 2.34855484e+02, 2.99603760e+02, 2.78401733e+02,
       1.63395203e+02, 2.92327759e+02, 1.72969757e+02, 1.60841095e+02,
       2.30544540e+02, 1.48861389e+02, 8.24719009e+01, 1.63658798e+02,
       2.28915787e+02, 1.67546738e+02, 1.88100281e+02, 1.20283997e+02,
       1.82664200e+02, 1.69637878e+02, 1.09457085e+02, 1.54888916e+02,
       5.60350494e+01, 2.55613861e+01, 2.01883530e+02, 8.79906082e+01,
       1.74118912e+02, 1.04201668e+02, 5.56287498e+01, 1.11696503e+02,
       1.94959869e+02, 1.68945953e+02, 3.05965214e+01, 1.16336922e+02,
       6.69538040e+01, 7.68888321e+01, 1.13480865e+02, 4.49245682e+01,
       4.30800247e+01, 1.70419178e+01, 5.06666489e+01, 9.79946995e+00,
       3.20477905e+01, 3.26662941e+01, 1.40830069e+01, 1.46158171e+01,
       3.58125038e+01, 3.44809532e+01, 1.02823097e+02, 5.69865561e+00,
       3.01422787e+01, 8.78410110e+01, 4.31775932e+01, 2.97314987e+01,
       4.00805511e+01, 2.78544044e+01, 3.05100846e+00, 9.88768234e+01,
       2.66794720e+01, 2.48362904e+01, 4.77454567e+01, 9.56292114e+01,
       8.43421936e+01, 6.04773865e+01, 3.65232025e+02, 1.41740845e+02,
       1.05878906e+02, 8.44293289e+01, 2.47838364e+02, 3.06899384e+02,
       2.90176849e+02, 2.78134399e+02, 1.89311356e+02, 2.48484436e+02,
       2.82768311e+02, 1.42429352e+02, 2.13796082e+02, 2.85255310e+02,
       1.67092300e+02, 1.78094116e+02, 1.30720596e+02, 7.08026276e+01,
       7.12021408e+01, 7.14948425e+01, 8.32500153e+01, 7.15718842e+01,
       9.56523285e+01, 2.55062523e+01, 2.43420815e+00, 2.88911581e+00,
       2.33039308e+00, 1.78771269e+00, 1.57344460e+00, 1.60855639e+00,
       6.26346052e-01, 7.41689742e-01, 5.67372561e-01, 4.45857763e-01,
       2.29629159e-01, 2.08583519e-01, 1.80591166e-01, 2.36001129e+01,
       1.59359604e-01, 2.08927714e-03, 2.69997835e-01, 6.89027905e-02,
       8.98678303e-02, 3.37375582e-07, 0. ]
