%YAML:1.0
---
data: !!opencv-matrix
   rows: 256
   cols: 1
   dt: f
   data: [ 0., 0., 0., 0., 0., 0., 0., 0., 0., 0., 0., 0., 0., 0., 0.,
       0., 0., 0., 0., 0., 0., 0., 0., 0., 0., 0., 0., 0., 0., 0., 0.,
       0., 0., 0., 0., 0., 0., 0., 0., 0., 0., 0., 0., 0., 0., 0., 0.,
       0., 0., 0., 0., 0., 0., 0., 0., 0., 0., 0., 0., 0., 0., 0., 0.,
       0., 0., 0., 0., 0., 0., 0., 0., 0., 0., 0., 0., 0., 0., 0., 0.,
       0., 0., 0., 0., 0., 0., 0., 0., 0., 0., 0., 0., 0., 0., 0., 0.,
       0., 0., 0., 0., 0., 0., 0., 0., 0., 0., 0., 0., 0., 0., 0., 0.,
       0., 0., 0., 0., 0., 0., 0., 0., 0., 0., 0., 0., 0., 0., 0., 0.,
       0., 0., 0., 0., 0., 2.19091289e-05, 0., 2.29108009e-12, 0., 0.,
       2.18149067e-17, 0., 0., 0., 0., 2.53289063e-02, 0., 0.,
       3.81912917e-01, 6.41561413e+00, 1.14435989e-05, 8.39235327e-06,
       1.82305825e+00, 8.30661833e-01, 3.19093680e+00, 2.40030217e+00,
       9.12247539e-01, 1.25902252e+01, 1.04223928e+01, 9.41249943e+00,
       2.19203777e+01, 1.36468439e+01, 2.89906807e+01, 2.28465080e+01,
       3.42868500e+01, 5.35536537e+01, 5.78944321e+01, 7.42135391e+01,
       9.28077545e+01, 1.02642273e+02, 9.86927338e+01, 1.07929726e+02,
       7.87498398e+01, 9.25916214e+01, 1.17918633e+02, 1.05155617e+02,
       8.55727539e+01, 7.11580200e+01, 5.97471313e+01, 4.69417343e+01,
       7.19204559e+01, 4.64320641e+01, 4.85707397e+01, 4.20958290e+01,
       3.68560104e+01, 5.24677277e+01, 4.07528419e+01, 3.18076019e+01,
       3.38848228e+01, 3.79271812e+01, 3.35305023e+01, 4.28381042e+01,
       3.59739342e+01, 3.85016441e+01, 6.33668289e+01, 3.82409477e+01,
       3.13172398e+01, 4.19859467e+01, 3.81464272e+01, 5.69715576e+01,
       3.69240150e+01, 2.89023972e+01, 2.72449493e+01, 4.29885406e+01,
       2.10664787e+01, 2.00675411e+01, 2.42081547e+01, 1.43765984e+01,
       1.01675348e+01, 1.90120850e+01, 1.68780823e+01, 1.13827648e+01,
       2.70442295e+01, 8.26838684e+00, 1.47485609e+01, 2.27538509e+01,
       1.44727602e+01, 1.76154747e+01, 1.71969643e+01, 2.70572605e+01,
       2.26823483e+01, 2.97693615e+01, 3.09759789e+01, 4.46609192e+01,
       2.31919689e+01, 1.82216663e+01, 2.27920341e+01, 1.26233196e+01,
       9.96928787e+00, 1.76262970e+01, 1.47978973e+01, 8.97300816e+00,
       2.27293530e+01, 2.15828896e+01, 1.46036272e+01, 1.45917864e+01,
       1.21823702e+01, 1.59164801e+01, 2.26473541e+01, 2.31062584e+01,
       7.22602463e+00, 7.58630943e+00, 1.58918180e+01, 1.57435589e+01,
       1.17919350e+01, 1.20670929e+01, 9.69919109e+00, 1.56319799e+01,
       1.48632011e+01, 1.58431253e+01, 1.76983147e+01, 4.02354813e+01,
       3.22458954e+01, 1.29640213e+02, 2.01091385e+02, 4.33399750e+02,
       4.90591370e+02, 5.00000031e+02, 0. ]
