%YAML:1.0
---
data: !!opencv-matrix
   rows: 256
   cols: 1
   dt: f
   data: [ 0., 0., 0., 0., 0., 9.96492337e-03, 0., 0., 9.96492524e-03,
       2.17277166e-02, 1.66985597e-02, 2.10395791e-02, 8.73039007e-01,
       3.15969419e+00, 9.74962711e+00, 9.04482460e+00, 1.53596830e+01,
       5.99792938e+01, 3.67735443e+01, 6.54024429e+01, 7.12972565e+01,
       5.87089348e+01, 7.97079391e+01, 8.69334106e+01, 8.09869843e+01,
       6.92139130e+01, 6.17747231e+01, 4.06066856e+01, 6.50175552e+01,
       6.73012772e+01, 5.98086395e+01, 4.83932190e+01, 2.43047791e+01,
       2.80880814e+01, 2.83542881e+01, 4.06215630e+01, 2.96407318e+01,
       3.23227730e+01, 3.24435043e+01, 2.66477146e+01, 2.48378067e+01,
       2.47779961e+01, 3.59654388e+01, 2.13713608e+01, 2.70524445e+01,
       5.45446167e+01, 3.51044083e+01, 3.43979187e+01, 1.95126534e+01,
       4.25515060e+01, 4.21784439e+01, 2.33990974e+01, 2.44609737e+01,
       3.50973892e+01, 4.06607628e+01, 3.30295525e+01, 2.26670246e+01,
       1.07884836e+01, 1.44454260e+01, 1.23985128e+01, 1.41082859e+01,
       1.99278259e+01, 1.75306320e+01, 1.89371109e+01, 1.75735817e+01,
       1.88997536e+01, 3.40599823e+01, 3.21709671e+01, 2.77868652e+01,
       2.38543015e+01, 2.53935604e+01, 3.03985806e+01, 2.64947453e+01,
       1.63328781e+01, 1.57448845e+01, 7.59274483e+00, 9.51304150e+00,
       8.93772125e+00, 1.29556131e+01, 9.31589890e+00, 1.04188910e+01,
       3.32296062e+00, 7.27851582e+00, 8.53684044e+00, 1.49122787e+00,
       3.41308141e+00, 6.55481434e+00, 9.62303352e+00, 9.77678204e+00,
       1.61056080e+01, 5.81512213e+00, 6.58472729e+00, 9.47608948e+00,
       1.04805374e+01, 7.14614296e+00, 6.83463097e+00, 3.90445161e+00,
       9.11366701e-01, 1.88831127e+00, 6.06659293e-01, 3.21969867e-01,
       3.44249010e+00, 3.51180553e-01, 3.81179190e+00, 2.18476132e-01,
       4.48938847e+00, 3.49192882e+00, 2.24756598e+00, 1.86409760e+00,
       9.91620159e+00, 4.29915100e-01, 3.77380657e+00, 1.62736928e+00,
       6.01731777e+00, 1.81547180e-01, 2.10300517e+00, 4.76776552e+00,
       4.51572299e-01, 3.25411415e+00, 5.00401402e+00, 8.01569843e+00,
       1.95156455e+00, 1.74758005e+00, 2.01001745e-02, 4.63997269e+00,
       2.81444860e+00, 3.21445376e-01, 4.55733347e+00, 1.58117688e+00,
       4.63515425e+00, 2.16958880e+00, 4.35590839e+00, 5.56158113e+00,
       2.71057971e-02, 5.08611584e+00, 6.28995609e+00, 6.06647432e-01,
       1.91178751e+00, 9.06611061e+00, 1.88915086e+00, 4.76251423e-01,
       7.56042671e+00, 3.76322865e+00, 1.78949225e+00, 3.25381160e-01,
       4.34147501e+00, 7.52281547e-02, 4.83940095e-01, 2.79995441e+00,
       6.19395018e-01, 1.86120987e-01, 1.36846209e+00, 5.58895254e+00,
       6.47654057e-01, 4.39809513e+00, 4.40954983e-01, 2.48804819e-02,
       3.32892954e-01, 6.40174866e-01, 6.02369249e-01, 1.59255433e+00,
       2.78392124e+00, 3.07722640e+00, 3.12791610e+00, 1.56770337e+00,
       1.63988972e+00, 3.12827873e+00, 6.19939423e+00, 4.83786535e+00,
       3.09945321e+00, 2.67832923e+00, 2.03270520e-05, 3.71362530e-02,
       2.94913483e+00, 2.01640697e-03, 6.00963950e-01, 1.09122425e-01,
       1.78383067e-02, 3.04178917e-03, 1.85732067e+00, 6.54162467e-01,
       5.03382785e-03, 2.78781891e+00, 8.00701207e-04, 6.37503266e-01,
       9.08784270e-01, 2.92245364e+00, 3.14714646e+00, 2.94705367e+00,
       3.24873734e+00, 4.09947813e-01, 2.00193524e+00, 4.92484236e+00,
       6.51394701e+00, 1.35336161e+01, 5.82825375e+00, 7.62025416e-01,
       5.96048164e+00, 2.17795777e+00, 7.56616175e-01, 2.33040142e+00,
       4.13656330e+00, 6.32210791e-01, 4.18477535e+00, 1.03462286e+01,
       4.86830616e+00, 1.92702055e+00, 5.04149532e+00, 3.35681021e-01,
       4.50643969e+00, 5.77291489e+00, 1.02778357e-02, 6.39209926e-01,
       1.07703936e+00, 5.94633484e+00, 6.72005489e-02, 4.26552445e-02,
       7.62961208e-05, 9.96492337e-03, 7.84815624e-02, 2.92356348e+00,
       6.29233022e-04, 1.67288613e-02, 3.31318319e-01, 6.00979507e-01,
       0., 0., 2.38418579e-06, 0., 1.85731125e+00, 2.87224259e-03,
       1.79341423e-05, 0., 7.58626795e-17, 3.37875724e+00,
       3.71844304e-04, 1.90019464e+00, 1.56417716e+00, 3.12547827e+00,
       4.05101389e-01, 4.95970964e+00, 5.72476864e+00, 2.01842713e+00,
       7.30234671e+00, 1.40631065e+01, 1.98897972e+01, 9.06187630e+00,
       2.42423592e+01, 3.58175888e+01, 6.91155548e+01, 1.43732147e+02,
       2.77673950e+02, 3.12898529e+02, 3.70189209e+02, 500., 0. ]
