%YAML:1.0
---
data: !!opencv-matrix
   rows: 256
   cols: 1
   dt: f
   data: [ 1.71091934e+02, 0., 7.42410812e+01, 6.39484863e+01,
       2.82969147e+02, 1.99677551e+02, 3.46417267e+02, 2.08442551e+02,
       3.77943207e+02, 2.72586304e+02, 2.84015106e+02, 2.77827148e+02,
       4.05281433e+02, 3.77908661e+02, 4.18111298e+02, 4.05359161e+02,
       4.40504425e+02, 500., 3.08694916e+02, 3.24996552e+02,
       3.32374146e+02, 3.90900085e+02, 2.56196411e+02, 2.46177078e+02,
       3.69648499e+02, 3.38388245e+02, 2.67447388e+02, 4.14840454e+02,
       3.94692078e+02, 3.31251923e+02, 3.78976166e+02, 2.64461945e+02,
       2.61752625e+02, 2.30057480e+02, 2.94726532e+02, 2.19026611e+02,
       3.31074127e+02, 2.55579147e+02, 2.49827072e+02, 2.76467926e+02,
       3.52907776e+02, 2.24138046e+02, 2.77718933e+02, 1.87176437e+02,
       3.28154327e+02, 1.61870514e+02, 2.18883667e+02, 2.64754089e+02,
       1.53527283e+02, 1.61595825e+02, 1.05991470e+02, 1.83025101e+02,
       1.63513809e+02, 1.66022476e+02, 2.04047363e+02, 1.34453827e+02,
       1.16936897e+02, 1.20899994e+02, 8.27337265e+01, 6.56500320e+01,
       1.26439415e+02, 1.10352951e+02, 1.44707047e+02, 9.88227386e+01,
       6.63120880e+01, 8.21703949e+01, 5.57361412e+01, 1.15690308e+02,
       1.36242523e+02, 8.62058182e+01, 6.71896515e+01, 9.15393600e+01,
       1.26626701e+02, 6.56025238e+01, 1.02535667e+02, 7.84531937e+01,
       7.63062134e+01, 9.64609222e+01, 6.40781479e+01, 2.01655445e+01,
       7.58479843e+01, 3.71641617e+01, 7.16512833e+01, 1.97226048e+01,
       7.24236145e+01, 4.30144119e+01, 1.83785076e+01, 5.81465187e+01,
       1.75406952e+01, 7.11591949e+01, 4.44281845e+01, 4.80250282e+01,
       3.79300461e+01, 6.94052887e+01, 4.85864449e+01, 4.46757202e+01,
       4.90503693e+01, 3.00837631e+01, 3.42108345e+01, 1.00357407e+02,
       1.28040573e+02, 1.05319328e+02, 2.75171967e+01, 5.88834801e+01,
       1.02633446e+02, 1.75586300e+01, 6.49237823e+01, 1.07212700e+02,
       9.45387955e+01, 1.31902618e+02, 1.15315018e+02, 6.13049507e+01,
       3.84148560e+01, 5.61827888e+01, 9.80531158e+01, 5.33367004e+01,
       7.66219788e+01, 5.42164497e+01, 9.51962051e+01, 9.93057861e+01,
       9.95410919e+01, 8.05414581e+01, 6.48695221e+01, 7.91975479e+01,
       6.64595871e+01, 1.31073318e+02, 8.40984421e+01, 8.83793793e+01,
       7.23640594e+01, 8.70862427e+01, 5.87217484e+01, 4.06977463e+01,
       4.11833191e+01, 8.46995621e+01, 8.95018463e+01, 9.81003799e+01,
       7.11439438e+01, 1.17370377e+02, 3.06587200e+01, 2.81298599e+01,
       5.39655190e+01, 4.04894791e+01, 6.56636047e+01, 5.21314812e+01,
       8.72078323e+01, 2.88111916e+01, 2.87096348e+01, 2.84516850e+01,
       5.24281998e+01, 2.69117107e+01, 9.87537231e+01, 4.14459839e+01,
       5.56566467e+01, 7.17740784e+01, 1.54442234e+01, 5.74491692e+00,
       4.78650932e+01, 1.70273724e+01, 5.44647598e+01, 3.58121920e+00,
       4.22926826e+01, 4.98483810e+01, 1.82541084e+01, 5.14565201e+01,
       2.77162380e+01, 6.12677879e+01, 1.74941959e+01, 2.27088432e+01,
       4.10080299e+01, 5.93544426e+01, 5.23512611e+01, 5.87971458e+01,
       5.93705864e+01, 2.47327175e+01, 3.12298107e+01, 2.45706978e+01,
       2.51206589e+01, 4.78290253e+01, 2.95968952e+01, 3.38074608e+01,
       6.36394930e+00, 1.64143314e+01, 1.84194870e+01, 1.81271248e+01,
       3.84191475e+01, 3.45555840e+01, 1.94941006e+01, 1.35137625e+01,
       9.65347099e+00, 9.84412766e+00, 1.14581060e+01, 1.31808043e+01,
       1.20922155e+01, 1.39720678e+01, 9.90986252e+00, 3.91537118e+00,
       1.39885139e+01, 1.43058023e+01, 1.30711765e+01, 1.14719677e+01,
       1.47909842e+01, 1.47639351e+01, 1.21459045e+01, 6.86912632e+00,
       1.54366074e+01, 8.17972183e+00, 9.93166447e+00, 1.04630299e+01,
       1.11573839e+01, 1.14533844e+01, 1.11347017e+01, 1.48079252e+01,
       1.31529436e+01, 8.74530792e+00, 1.17869396e+01, 1.20016623e+01,
       4.88601351e+00, 8.03658772e+00, 7.15140104e+00, 9.62885380e+00,
       7.11616993e+00, 7.22212029e+00, 9.71826267e+00, 8.53240871e+00,
       4.03673172e+00, 7.40942764e+00, 4.53153038e+00, 6.14208555e+00,
       2.05376625e+00, 7.08027935e+00, 5.76876044e-01, 3.39862204e+00,
       3.68165159e+00, 5.67163587e-01, 1.50938460e-04, 1.13307118e+00,
       5.67290306e-01, 3.11534190e+00, 1.05672255e-02, 1.13307118e+00,
       1.02649499e-02, 6.02395535e-01, 5.66384673e-01, 1.69915402e+00,
       5.66535592e-01, 2.26407705e-04, 5.43435151e-03, 3.26089968e-04,
       1.50938460e-04, 0., 3.77346150e-04, 1.50938460e-04,
       5.66535592e-01, 1.50938460e-04, 0., 0. ]
