%YAML:1.0
---
data: !!opencv-matrix
   rows: 256
   cols: 1
   dt: f
   data: [ 0., 0., 0., 0., 0., 0., 0., 0., 0., 0., 0., 0., 0., 0., 0.,
       0., 0., 0., 0., 0., 0., 0., 0., 0., 0., 0., 0., 0., 0., 0., 0.,
       0., 0., 0., 0., 0., 0., 0., 0., 0., 0., 0., 0., 0., 0., 0., 0.,
       0., 0., 0., 0., 0., 0., 0., 0., 0., 0., 0., 0., 0., 0., 0., 0.,
       0., 0., 0., 0., 0., 0., 0., 0., 0., 0., 0., 0., 0., 0., 0., 0.,
       0., 0., 0., 0., 0., 0., 0., 0., 0., 0., 0., 0., 0., 0., 0., 0.,
       0., 0., 0., 0., 0., 0., 0., 0., 0., 0., 0., 0., 0., 0., 0., 0.,
       0., 0., 0., 0., 0., 0., 0., 0., 0., 0., 0., 0., 0., 0., 0.,
       2.58892423e-15, 3.17993109e-13, 4.17328749e-28, 4.12633517e-06,
       5.15286702e-05, 1.14503433e-11, 5.15286738e-05, 1.09732598e-10,
       6.94423022e-07, 3.15493643e-01, 9.84709823e-06, 2.36139807e-04,
       4.19677114e+00, 2.13602185e+00, 1.72044888e+01, 1.44302979e+01,
       3.29883614e+01, 3.39551773e+01, 8.90651398e+01, 1.70350357e+02,
       3.19605469e+02, 4.97812927e+02, 4.99999969e+02, 4.73160950e+02,
       2.73644165e+02, 1.04653442e+02, 7.24458694e+01, 3.08365135e+01,
       5.48036861e+00, 2.41059818e+01, 2.09183903e+01, 2.08857403e+01,
       7.15324545e+00, 2.86032753e+01, 2.97632427e+01, 3.47080421e+01,
       3.12813206e+01, 3.96527672e+01, 3.20005341e+01, 1.68234367e+01,
       2.54532814e+01, 2.38938274e+01, 4.14894028e+01, 3.48735161e+01,
       5.89435577e+01, 2.49630852e+01, 4.21954613e+01, 4.97945557e+01,
       5.16723900e+01, 3.16645565e+01, 6.47794418e+01, 4.73042908e+01,
       4.32398720e+01, 5.38384514e+01, 7.18709488e+01, 6.78666306e+01,
       6.97622681e+01, 4.65985947e+01, 4.21807365e+01, 3.45361443e+01,
       1.83508244e+01, 2.36658134e+01, 2.34873371e+01, 3.63303032e+01,
       2.77439003e+01, 3.44705544e+01, 3.24901619e+01, 2.29404716e+01,
       2.83603477e+01, 2.49617634e+01, 1.65122528e+01, 2.26856041e+01,
       2.48190842e+01, 2.00506077e+01, 1.66485748e+01, 1.51813059e+01,
       1.40835619e+01, 9.68995285e+00, 8.88096237e+00, 6.20003366e+00,
       6.17252290e-01, 6.11609042e-01, 6.82560146e-01, 9.56216753e-01,
       4.72264141e-01, 2.43878409e-01, 3.77522230e-01, 1.17070541e-01,
       1.21861553e+00, 3.00725788e-01, 5.70191979e-01, 5.84675133e-01,
       1.01914251e+00, 4.16549742e-01, 1.16483295e+00, 1.00617898e+00,
       5.74570656e-01, 1.79829800e+00, 7.48094559e-01, 2.20607328e+00,
       4.86315250e-01, 8.72163355e-01, 3.85716200e+00, 3.27615350e-01,
       3.34854531e+00, 1.55466497e-01, 5.75367082e-03, 3.26406455e+00,
       1.06748171e-17, 1.60995698e+00, 1.60995698e+00, 1.60995698e+00,
       8.48106978e-27, 8.48106978e-27, 2.75281820e-18, 5.45219627e-05,
       3.21996832e+00, 3.21996832e+00, 1.09045235e-04, 1.61012053e+00,
       5.45271869e-05, 4.82992506e+00, 4.82992506e+00, 3.21996832e+00,
       6.43993664e+00, 1.08935511e-16, 4.82987070e+00, 1.60995698e+00,
       0., 0. ]
