%YAML:1.0
---
data: !!opencv-matrix
   rows: 256
   cols: 1
   dt: f
   data: [ 5.26006352e-06, 0., 0., 3.70276597e-04, 2.65788403e-04,
       7.82633724e-05, 1.57801915e-05, 2.48879939e-01, 3.14996123e-01,
       1.37510443e+00, 2.76462078e+00, 5.38017225e+00, 1.80775776e+01,
       1.01352787e+01, 1.90589409e+01, 4.55338745e+01, 4.51275139e+01,
       4.27689400e+01, 9.26231155e+01, 6.31060524e+01, 7.28625565e+01,
       5.23424072e+01, 1.49969912e+01, 2.66687927e+01, 4.25785637e+01,
       4.34799995e+01, 9.71081638e+00, 1.02598944e+01, 1.04311266e+01,
       1.76042233e+01, 7.18983173e+00, 1.20297499e+01, 1.69371204e+01,
       2.27119484e+01, 3.03902245e+01, 2.80837479e+01, 2.19111347e+01,
       2.25232983e+01, 2.33762474e+01, 1.01639156e+01, 1.43476791e+01,
       8.16197014e+00, 1.61913776e+01, 1.28399830e+01, 1.40474243e+01,
       1.57377558e+01, 1.75767822e+01, 1.01329470e+01, 6.81054688e+00,
       1.78172626e+01, 3.83235512e+01, 1.86276913e+01, 2.55300255e+01,
       2.34074554e+01, 2.08297024e+01, 1.11874628e+01, 7.51227093e+00,
       4.16808510e+00, 4.81203938e+00, 3.81302834e+00, 2.94648647e+00,
       4.72958952e-01, 2.68067217e+00, 2.69965601e+00, 6.19287539e+00,
       4.86332512e+00, 4.59359264e+00, 8.57472897e+00, 2.00270481e+01,
       7.43478870e+00, 9.90182877e+00, 3.08762760e+01, 2.33175755e+01,
       1.20905819e+01, 1.50741644e+01, 1.52880840e+01, 6.92700577e+00,
       1.98629990e+01, 1.41564524e+00, 1.87688935e+00, 1.70899105e+00,
       1.18990374e+01, 3.55314469e+00, 1.81210744e+00, 7.29207659e+00,
       2.01140809e+00, 2.15845070e+01, 5.25222540e+00, 9.90729904e+00,
       6.37814856e+00, 2.97607746e+01, 6.11260366e+00, 2.65877705e+01,
       1.36748533e+01, 1.81536903e+01, 1.91836510e+01, 7.82720661e+00,
       7.94402647e+00, 1.86269836e+01, 1.38132496e+01, 1.02011299e+01,
       6.32844620e+01, 5.30346107e+01, 8.15824280e+01, 4.70746803e+01,
       5.70741997e+01, 1.00137367e+02, 1.55891846e+02, 2.58597687e+02,
       5.00000031e+02, 2.73432831e+02, 1.55511139e+02, 8.83279037e+01,
       5.05255966e+01, 4.93444481e+01, 6.51962900e+00, 8.02785110e+00,
       5.59631681e+00, 4.43239117e+00, 6.34592628e+00, 1.18894947e+00,
       1.89672029e+00, 1.85190856e+00, 8.78820360e-01, 2.22745378e-09,
       1.12459597e-09, 4.05318569e-05, 6.60632998e-02, 1.21590005e-04,
       8.10592610e-05, 4.05296305e-05, 4.05296305e-05, 4.05296305e-05,
       6.81937499e-18, 0., 0., 0., 0., 0., 0., 0., 0., 0., 0., 0., 0.,
       0., 0., 0., 0., 0., 0., 0., 0., 0., 0., 0., 0., 0., 0., 0., 0.,
       0., 0., 0., 0., 0., 0., 0., 0., 0., 0., 0., 0., 0., 0., 0., 0.,
       0., 0., 0., 0., 0., 0., 0., 0., 0., 0., 0., 0., 0., 0., 0., 0.,
       0., 0., 0., 0., 0., 0., 0., 0., 0., 0., 0., 0., 0., 0., 0., 0.,
       0., 0., 0., 0., 0., 0., 0., 0., 0., 0., 0., 0., 0., 0., 0., 0.,
       0., 0., 0., 0., 0., 0., 0., 0., 0., 0., 0., 0., 0., 0., 0., 0.,
       0., 0., 0., 0., 0., 0., 0., 0., 0., 0., 0., 0., 0., 0. ]
