%YAML:1.0
---
data: !!opencv-matrix
   rows: 256
   cols: 1
   dt: f
   data: [ 1.84054983e+00, 0., 9.61572826e-02, 2.00180024e-01,
       7.19487762e+00, 2.73949265e+00, 6.45775070e+01, 4.05868006e+00,
       4.16284895e+00, 5.14831963e+01, 2.02189255e+01, 1.35762405e+01,
       1.26199150e+02, 7.54075317e+01, 7.48326035e+01, 1.20908211e+02,
       7.03054962e+01, 7.44736176e+01, 1.27395691e+02, 1.31761078e+02,
       2.79658173e+02, 9.33308182e+01, 1.60965942e+02, 2.10679810e+02,
       1.72611191e+02, 2.61763306e+02, 2.95769775e+02, 2.30145142e+02,
       4.57750793e+02, 4.12855591e+02, 2.86103271e+02, 4.14624420e+02,
       2.98118408e+02, 2.42338821e+02, 2.98296173e+02, 2.68589996e+02,
       2.99013550e+02, 2.54304016e+02, 3.12149506e+02, 4.46058563e+02,
       4.28066132e+02, 4.15137268e+02, 4.45872223e+02, 3.04613586e+02,
       3.45185791e+02, 4.99999969e+02, 2.91346619e+02, 4.02476837e+02,
       3.36184357e+02, 3.12730469e+02, 3.92721649e+02, 3.25650482e+02,
       2.61501892e+02, 2.31055679e+02, 3.10717773e+02, 1.60557602e+02,
       2.25799347e+02, 2.81521820e+02, 2.87421295e+02, 2.55975677e+02,
       2.70261017e+02, 2.04653732e+02, 2.15817825e+02, 2.07162979e+02,
       3.50938843e+02, 1.88664078e+02, 2.07082520e+02, 1.28866440e+02,
       1.89467636e+02, 5.13456001e+01, 6.69673309e+01, 1.16950027e+02,
       1.32005890e+02, 6.97228165e+01, 1.12828667e+02, 1.16869797e+02,
       9.18554916e+01, 1.28573944e+02, 1.25732475e+02, 5.68472786e+01,
       6.99175339e+01, 1.28561142e+02, 7.98922348e+01, 4.16731720e+01,
       4.85358162e+01, 3.94691238e+01, 5.92174950e+01, 1.35383438e+02,
       6.04081688e+01, 1.52710190e+02, 1.16216179e+02, 1.35753876e+02,
       5.67568741e+01, 4.82344131e+01, 1.10411263e+02, 5.41166840e+01,
       6.66783142e+01, 9.46014328e+01, 3.77625809e+01, 1.02283661e+02,
       1.95864639e+01, 3.09620399e+01, 9.77237473e+01, 5.11715736e+01,
       7.40213089e+01, 7.29206619e+01, 6.59309540e+01, 4.16508255e+01,
       3.26658478e+01, 8.21289978e+01, 1.55938721e+01, 5.08460770e+01,
       4.82626991e+01, 9.71140900e+01, 9.66529617e+01, 3.93207741e+01,
       2.20237522e+01, 6.73406906e+01, 1.09170387e+02, 3.14900970e+01,
       4.21349869e+01, 4.42153015e+01, 6.30604134e+01, 5.59535370e+01,
       1.65983772e+01, 6.60126190e+01, 1.85523796e+01, 3.41275520e+01,
       2.69321327e+01, 1.02054550e+02, 8.01703262e+01, 6.22070274e+01,
       8.29703598e+01, 3.94331970e+01, 6.65260162e+01, 3.87568588e+01,
       3.65354309e+01, 1.04989975e+02, 8.28071365e+01, 7.81318054e+01,
       8.74603500e+01, 4.13427849e+01, 6.95493317e+01, 6.85726624e+01,
       8.26753311e+01, 5.28771858e+01, 7.53493958e+01, 9.72273712e+01,
       7.34645462e+01, 1.14521919e+02, 8.14947586e+01, 5.90702019e+01,
       1.00177139e+02, 6.16904602e+01, 1.55811615e+02, 1.02560570e+02,
       9.70736008e+01, 5.96684494e+01, 1.54430237e+02, 3.91211548e+01,
       1.16994164e+02, 1.23777702e+02, 1.73898880e+02, 9.35185699e+01,
       1.50934082e+02, 1.73760788e+02, 7.85383911e+01, 8.50205994e+01,
       5.84606056e+01, 1.01298210e+02, 1.04905373e+02, 3.14512844e+01,
       4.94613495e+01, 1.17512344e+02, 5.31195450e+01, 8.69651108e+01,
       8.87904663e+01, 9.96965103e+01, 5.27963295e+01, 4.95912704e+01,
       8.36420593e+01, 4.92273521e+01, 8.28015137e+01, 8.06624298e+01,
       2.68019199e+01, 1.10943336e+01, 8.73751755e+01, 4.95497055e+01,
       3.02395668e+01, 3.23656273e+01, 6.75836716e+01, 2.62428799e+01,
       1.19648256e+01, 2.22251205e+01, 2.12629528e+01, 2.22400522e+00,
       3.18257427e+00, 9.84356689e+00, 1.83198738e+01, 4.04283571e+00,
       2.62274170e+00, 2.43356228e+00, 6.58649087e-01, 3.38024020e-01,
       2.26286101e+00, 3.66636127e-01, 1.40268493e+00, 1.83689003e+01,
       1.81753197e+01, 3.50102365e-01, 4.04053241e-01, 2.86140203e-01,
       5.37860215e-01, 1.09200627e-01, 3.72684568e-01, 2.04751879e-01,
       4.28810924e-01, 1.46159983e+00, 9.16649252e-02, 1.01227976e-01,
       3.31381671e-02, 1.04819424e-01, 9.16587710e-02, 1.64040729e-01,
       1.73064440e-01, 8.92656669e-02, 2.12454259e-01, 1.33262143e-01,
       8.50262269e-02, 4.23988746e-03, 4.20076594e-06, 3.05174053e-01,
       8.62310305e-02, 4.45894212e-01, 5.42775029e-03, 7.53981620e-02,
       7.41914138e-02, 3.02040344e-03, 0., 0., 2.40960135e-03, 0., 0.,
       6.14746295e-06, 0., 0., 0., 6.03301487e-07, 0., 0.,
       2.58095086e-01, 1.11274526e-01, 0., 0., 0., 0. ]
