%YAML:1.0
---
data: !!opencv-matrix
   rows: 256
   cols: 1
   dt: f
   data: [ 0., 0., 0., 0., 0., 0., 0., 0., 0., 0., 0., 0., 0., 0., 0.,
       0., 0., 9.43861529e-03, 0., 0., 7.81000108e-02, 8.59878138e-02,
       5.69366421e-07, 1.59705549e-01, 7.81015307e-02, 2.39618883e-01,
       8.69262069e-02, 2.01542825e-01, 8.77670422e-02, 4.03953403e-01,
       6.00725770e-01, 1.55032718e+00, 1.56445980e-01, 4.98673022e-02,
       2.98876977e+00, 2.39326692e+00, 9.39371958e-02, 3.64931047e-01,
       7.36052561e+00, 9.09690666e+00, 8.94212723e+00, 3.75295591e+00,
       9.80415821e+00, 3.40924692e+00, 2.97916565e+01, 3.03481722e+00,
       2.94465685e+00, 4.13480425e+00, 1.03799009e+01, 9.57407570e+00,
       1.62633991e+01, 4.82850952e+01, 1.52759857e+01, 1.05083351e+01,
       2.19099255e+01, 2.80984783e+01, 3.44183464e+01, 1.59565411e+01,
       1.92322063e+01, 3.79043503e+01, 2.65886230e+01, 3.53205757e+01,
       1.44413137e+01, 1.22794237e+01, 1.47232790e+01, 3.66527138e+01,
       5.85500031e+01, 7.25888443e+01, 4.15178833e+01, 4.51781082e+01,
       3.20657997e+01, 1.42812408e+02, 4.75060310e+01, 8.35228043e+01,
       1.46826828e+02, 1.00710823e+02, 1.05577660e+02, 1.68519272e+02,
       8.36231842e+01, 1.31408112e+02, 1.10083237e+02, 2.48318832e+02,
       2.32495041e+02, 1.32530914e+02, 3.57467712e+02, 2.12819534e+02,
       2.58115997e+02, 2.48648697e+02, 2.83065521e+02, 2.10244431e+02,
       2.01402695e+02, 1.94603363e+02, 1.98730331e+02, 2.35316864e+02,
       1.57607986e+02, 2.45453400e+02, 3.37730469e+02, 2.20193710e+02,
       3.86842346e+02, 3.54807556e+02, 2.23063263e+02, 3.80541565e+02,
       2.45080002e+02, 2.38385483e+02, 4.11980072e+02, 2.19772293e+02,
       2.12061462e+02, 3.16432465e+02, 3.45830597e+02, 3.08843628e+02,
       3.63466644e+02, 3.33572052e+02, 4.94688904e+02, 3.47135468e+02,
       3.14870026e+02, 500., 4.91675629e+02, 3.09647125e+02,
       3.65699310e+02, 4.12103119e+02, 3.87987854e+02, 3.59819580e+02,
       3.90391937e+02, 3.51125977e+02, 3.66687439e+02, 4.51009094e+02,
       2.99395935e+02, 2.70003815e+02, 2.81797699e+02, 3.71246185e+02,
       2.89376892e+02, 2.45596512e+02, 2.64652710e+02, 2.16574219e+02,
       2.13898651e+02, 2.30949997e+02, 3.05453491e+02, 2.84206512e+02,
       2.76783234e+02, 2.09555389e+02, 2.13172211e+02, 2.75201385e+02,
       2.34890610e+02, 3.00346466e+02, 2.25227203e+02, 2.87767151e+02,
       2.58668152e+02, 2.66531006e+02, 3.00536865e+02, 2.55517746e+02,
       2.29774490e+02, 2.10663849e+02, 2.49336060e+02, 1.81608124e+02,
       2.33349182e+02, 2.17711060e+02, 1.95777710e+02, 2.14252609e+02,
       2.24197754e+02, 2.60167358e+02, 1.86513306e+02, 2.01678482e+02,
       1.88014114e+02, 2.58800690e+02, 2.40759537e+02, 2.28768387e+02,
       2.93390320e+02, 2.46767334e+02, 2.51531998e+02, 3.12063568e+02,
       1.92348969e+02, 2.36486588e+02, 2.38471298e+02, 4.03669922e+02,
       2.60514343e+02, 2.53076477e+02, 2.66510284e+02, 2.93123383e+02,
       3.01728210e+02, 1.78654297e+02, 2.67570343e+02, 2.37935120e+02,
       3.58536255e+02, 2.57242096e+02, 2.46518021e+02, 1.74935532e+02,
       1.79395905e+02, 2.19933960e+02, 1.73416367e+02, 1.55637558e+02,
       2.03257889e+02, 1.93960617e+02, 2.01005142e+02, 2.14663696e+02,
       2.02348083e+02, 1.85903671e+02, 1.49367081e+02, 9.18000259e+01,
       1.01534492e+02, 7.70443344e+01, 5.09480515e+01, 4.22153702e+01,
       2.52661819e+01, 3.00308914e+01, 3.09821396e+01, 2.00712528e+01,
       4.18406601e+01, 1.40188208e+01, 7.84611642e-01, 2.31902242e-01,
       4.64621425e-01, 7.16081142e+00, 1.30194175e+00, 8.30454350e-01,
       6.28349185e-01, 7.94557691e-01, 3.76793593e-01, 3.51090968e-01,
       4.30434346e-01, 1.22458100e+00, 2.22557843e-01, 6.19162381e-01,
       7.48722553e-01, 4.29189771e-01, 5.44143677e-01, 8.27445447e-01,
       2.14617491e+00, 1.18138242e+00, 1.86090791e+00, 1.46896946e+00,
       2.72867584e+00, 6.56215310e-01, 2.88046575e+00, 3.22136545e+00,
       4.52626419e+00, 4.08525419e+00, 4.33404922e+00, 2.88248849e+00,
       2.12092495e+00, 4.50675726e+00, 2.74096990e+00, 3.38947988e+00,
       2.48346376e+00, 9.58239198e-01, 1.39435720e+00, 3.46574128e-01,
       6.00004613e-01, 3.44513237e-01, 7.75881171e-01, 4.59384918e-01,
       4.36576307e-01, 3.30077171e-01, 5.89575708e-01, 6.99551702e-01,
       2.99182087e-01, 0. ]
