%YAML:1.0
---
data: !!opencv-matrix
   rows: 256
   cols: 1
   dt: f
   data: [ 1.12891245e+00, 0., 0., 0., 5.73116429e-02, 3.64201441e-02,
       6.21982455e-01, 9.61145488e-05, 4.87036146e-02, 9.14857268e-01,
       8.48454416e-01, 1.63861012e+00, 8.57998610e-01, 2.05106854e+00,
       2.55255967e-01, 2.45178199e+00, 9.95505273e-01, 3.13144279e+00,
       3.29562259e+00, 6.87825489e+00, 2.95511745e-02, 6.11726665e+00,
       1.78386593e+00, 4.48827028e+00, 8.01832771e+00, 4.31835413e+00,
       4.66732606e-02, 5.40232992e+00, 3.68473053e-01, 0.,
       6.85670424e+00, 9.31345746e-02, 9.30903554e-01, 1.10863371e+01,
       1.39240304e-03, 2.87625694e+00, 9.93233860e-01, 5.39465770e-02,
       4.81051683e+00, 1.34507313e-01, 9.42154884e+00, 7.78467274e+00,
       8.63328993e-01, 1.05863333e+00, 1.93146646e+00, 5.40605211e+00,
       5.72150660e+00, 8.15326214e+00, 5.22702456e+00, 7.32762718e+00,
       7.21515989e+00, 6.04719210e+00, 7.52212048e+00, 1.27095890e+01,
       1.79880371e+01, 9.62266064e+00, 1.33476925e+01, 2.48551216e+01,
       3.17250328e+01, 5.46309929e+01, 5.40614319e+01, 7.18824463e+01,
       1.30737350e+02, 1.61654556e+02, 1.99374939e+02, 2.02748627e+02,
       2.41773407e+02, 2.72044678e+02, 1.70344940e+02, 1.29338409e+02,
       1.21288170e+02, 1.38430557e+02, 1.35466858e+02, 1.14053574e+02,
       1.16214508e+02, 9.15806732e+01, 1.22878098e+02, 1.53805756e+02,
       8.54185638e+01, 8.65070190e+01, 1.18426949e+02, 1.27170982e+02,
       4.33219070e+01, 1.05064903e+02, 1.04894295e+02, 2.82934296e+02,
       1.39604919e+02, 1.50061005e+02, 2.22870529e+02, 2.59353733e+01,
       4.31839844e+02, 1.32783051e+02, 1.16501556e+02, 6.93012390e+01,
       3.80523499e+02, 2.29947159e+02, 3.43997009e+02, 4.16934738e+01,
       4.99999969e+02, 4.09151855e+02, 3.99682617e+02, 3.12270966e+02,
       1.18779190e+02, 1.49791779e+02, 1.44834824e+02, 5.43020363e+01,
       3.21522560e+01, 7.61421509e+01, 2.82765274e+01, 2.72252998e+01,
       1.27319679e+01, 5.89960146e+00, 1.67647219e+00, 4.11843634e+00,
       2.13891697e+00, 3.24579406e+00, 0., 1.83266327e-02,
       4.71437743e-05, 0., 4.82817471e-01, 0., 7.16285734e-03,
       8.09913129e-03, 7.39342659e-06, 7.16285734e-03, 4.92895106e-06,
       2.46447553e-06, 7.99917340e-01, 2.46447553e-06, 6.23717368e-01,
       5.64678339e-05, 2.71092322e-05, 0., 0., 4.69498694e-01,
       2.86514293e-02, 7.27938209e-03, 0., 0., 7.02095032e-02, 0.,
       7.16285734e-03, 4.92895106e-06, 9.69091505e-02, 0., 0., 0., 0.,
       0., 1.77442242e-04, 0., 0., 0., 0., 7.16285734e-03, 0., 0., 0.,
       0., 5.58671020e-02, 0., 0., 0., 0., 1.72513282e-05, 0.,
       7.32599199e-03, 1.86439720e-04, 0., 5.42184644e-05, 0., 0., 0.,
       7.45632887e-01, 3.59434285e-04, 7.21078226e-03, 0., 0., 0., 0.,
       0., 0., 0., 0., 0., 0., 0., 0., 0., 0., 0., 0., 0., 0., 0., 0.,
       0., 0., 0., 0., 0., 0., 0., 0., 0., 0., 0., 0., 0., 0., 0., 0.,
       0., 0., 0., 0., 0., 0., 0., 0., 0., 0., 0., 0., 0., 0., 0., 0.,
       0., 0., 0., 0., 0., 0., 0., 0., 0., 0., 0., 0., 0., 0., 0., 0.,
       0., 0., 0., 0., 0., 0., 0., 0., 0., 0., 0. ]
