%YAML:1.0
---
data: !!opencv-matrix
   rows: 256
   cols: 1
   dt: f
   data: [ 4.36055565e+00, 8.36700678e-01, 1.05248308e+01,
       3.99479829e-02, 2.18479490e+00, 8.57538033e+00, 3.81049252e+00,
       2.66174190e-02, 1.07170496e+01, 2.30293236e+01, 2.42255039e+01,
       4.16406021e+01, 2.25545025e+01, 2.36038246e+01, 2.77825279e+01,
       2.27891998e+01, 2.82998486e+01, 2.36253204e+01, 2.19256330e+00,
       2.56170864e+01, 7.11306691e-01, 1.79823744e+00, 1.69251842e+01,
       6.89643145e-01, 9.81413651e+00, 1.35247469e+01, 0.,
       4.16466856e+00, 1.38299540e-02, 6.55539989e-01, 1.63849592e+00,
       0., 4.37790391e-08, 1.46677971e+00, 0., 4.09644134e-02,
       1.38333868e-02, 0., 2.07612768e-01, 0., 9.00178254e-01,
       3.33002836e-01, 0., 0., 2.15583587e-08, 1.55236782e-03,
       3.75491142e-01, 2.08585441e-01, 2.96263118e-11, 0.,
       6.79958701e-01, 1.49836689e-02, 2.07306147e-01, 3.95824734e-10,
       1.01699505e-03, 1.31764304e-04, 0., 2.15135768e-01,
       2.28429472e-14, 0., 1.72553323e-02, 0., 4.03789528e-07,
       3.35348258e-03, 2.44754478e-02, 2.21155619e-06, 1.49352436e-05,
       1.38262510e-02, 1.55189512e-02, 1.51244923e-02, 1.38332136e-02,
       2.76520010e-02, 2.62691110e-01, 2.15583587e-08, 2.90271312e-01,
       6.79976761e-01, 3.87663037e-01, 5.83540618e-01, 1.56907809e+00,
       2.91297722e+00, 1.01628816e+00, 7.22429454e-01, 4.62219524e+00,
       9.17534292e-01, 4.47130728e+00, 3.36013365e+00, 5.65515566e+00,
       7.39942431e-01, 3.88686728e+00, 2.89653206e+00, 2.99134564e+00,
       3.92576218e+00, 4.49878216e+00, 2.47546887e+00, 5.48571396e+00,
       9.06371784e+00, 9.08840942e+00, 2.50344601e+01, 2.35322132e+01,
       1.90820217e+01, 8.75787067e+00, 2.34314656e+00, 4.28816557e+00,
       1.50488555e+00, 4.43003321e+00, 1.82947969e+00, 1.72829902e+00,
       4.21280336e+00, 2.83258200e+00, 1.14580894e+00, 2.62514925e+00,
       1.64253950e+00, 4.13692713e+00, 3.14997029e+00, 3.18867946e+00,
       3.50856400e+00, 3.25193596e+01, 3.16506561e+02, 5.00000031e+02,
       2.10756638e+02, 7.06312561e+01, 3.38401222e+01, 3.21131706e+01,
       1.26157398e+01, 3.74806094e+00, 1.27109585e+01, 6.08746386e+00,
       6.15901804e+00, 4.03457832e+00, 8.78506243e-01, 1.00933876e+01,
       1.13303232e+00, 1.03960693e+00, 2.52431488e+00, 6.77470326e-01,
       6.95580125e-01, 2.03032799e+01, 2.89283395e+00, 1.11168346e+01,
       4.36669493e+00, 2.25791168e+00, 2.98595715e+00, 3.18015623e+00,
       2.55509830e+00, 5.90402985e+00, 3.14814687e-01, 2.66173761e-02,
       1.98564625e+00, 6.93095684e-01, 4.33894556e-08, 4.39847374e+00,
       0., 3.90673661e+00, 3.93714100e-01, 3.02440357e+00,
       1.26522951e+01, 6.73962653e-01, 1.39671671e+00, 1.05146351e+01,
       3.78454542e+00, 1.37691247e+00, 6.58539593e-01, 6.98989689e-01,
       1.12993379e-10, 3.55051303e+00, 8.86690080e-01, 1.22119664e-05,
       1.63655770e+00, 2.22707725e+00, 2.66253036e-02, 4.69882339e-01,
       8.68183672e-01, 2.71124816e+00, 9.06101465e-01, 8.68771672e-02,
       4.28411245e+00, 1.42396414e+00, 8.89465523e+00, 3.11627412e+00,
       0., 0., 0., 0., 0., 0., 0., 0., 0., 0., 0., 0., 0., 0., 0., 0.,
       0., 0., 0., 0., 0., 0., 0., 0., 0., 0., 0., 0., 0., 0., 0., 0.,
       0., 0., 0., 0., 0., 0., 0., 0., 0., 0., 0., 0., 0., 0., 0., 0.,
       0., 0., 0., 0., 0., 0., 0., 0., 0., 0., 0., 0., 0., 0., 0., 0.,
       0., 0., 0., 0., 0., 0., 0., 0., 0., 0., 0., 0., 0. ]
