%YAML:1.0
---
data: !!opencv-matrix
   rows: 256
   cols: 1
   dt: f
   data: [ 1.28768593e-01, 0., 0., 4.09918022e+00, 1.96485549e-01,
       8.86189747e+00, 1.72823811e+00, 5.69965219e+00, 2.42252789e+01,
       8.58831711e+01, 2.68660793e+01, 3.30556755e+01, 2.47819786e+01,
       3.04537563e+01, 5.25084877e+01, 6.22683601e+01, 8.58507156e+01,
       4.66397820e+01, 5.91707840e+01, 5.10240364e+01, 7.89349289e+01,
       5.71983070e+01, 6.30136757e+01, 5.51566429e+01, 1.23924187e+02,
       7.23129044e+01, 6.91386185e+01, 7.94381104e+01, 7.42986526e+01,
       1.05159340e+02, 1.00832779e+02, 1.19568306e+02, 5.18941383e+01,
       4.43652725e+01, 1.10934685e+02, 5.88341560e+01, 5.20249901e+01,
       1.59364853e+01, 6.20956993e+01, 7.98162079e+01, 4.22781029e+01,
       6.78313522e+01, 3.87408409e+01, 3.31347961e+01, 3.09650726e+01,
       1.34141073e+01, 1.17069321e+01, 4.11868820e+01, 1.62594757e+01,
       3.69767189e+01, 8.27534771e+00, 1.63174095e+01, 2.58038139e+01,
       1.82429581e+01, 3.02950592e+01, 4.55988197e+01, 3.70107117e+01,
       7.62785292e+00, 2.21892624e+01, 2.45243320e+01, 1.47850800e+01,
       3.96872444e+01, 5.17247772e+01, 7.30823212e+01, 8.28891068e+01,
       8.01681976e+01, 8.27400665e+01, 8.76328049e+01, 7.67580566e+01,
       7.60985184e+01, 8.84689941e+01, 2.93750420e+01, 3.79419136e+01,
       2.33557549e+01, 1.80380402e+01, 4.30428543e+01, 1.44697514e+01,
       9.07130814e+00, 1.43435345e+01, 3.12341523e+00, 2.13780079e+01,
       2.59771557e+01, 3.32773857e+01, 8.30008888e+00, 6.77781057e+00,
       1.26805182e+01, 1.99073162e+01, 1.60718021e+01, 1.31269608e+01,
       1.02186546e+01, 6.99873590e+00, 2.09345684e+01, 3.07798648e+00,
       9.34650898e+00, 6.19141006e+00, 3.49747276e+00, 2.44488201e+01,
       3.76725316e+00, 2.49437656e+01, 3.24593449e+00, 1.34223261e+01,
       2.39582767e+01, 9.71382904e+00, 8.55518723e+00, 4.06072235e+00,
       3.21205282e+00, 1.84869099e+01, 1.17051378e-01, 3.33356476e+01,
       3.69476962e+00, 3.99105501e+00, 3.34387589e+00, 2.11182284e+00,
       6.86485720e+00, 8.60596752e+00, 2.37498074e+01, 1.70767994e+01,
       6.79457474e+00, 2.65563202e+01, 5.11074295e+01, 6.20355949e+01,
       3.18811264e+01, 1.05997963e+01, 1.29515047e+01, 2.79233208e+01,
       2.94282837e+01, 8.32604027e+00, 4.98559113e+01, 4.86253586e+01,
       1.14505224e+01, 3.30459213e+01, 2.78413620e+01, 1.51793661e+01,
       3.00973339e+01, 1.64671249e+01, 3.98005557e+00, 1.95995770e+01,
       2.25061550e+01, 1.07299490e+01, 1.96735039e+01, 1.70564899e+01,
       3.41255989e+01, 5.30971642e+01, 5.24843903e+01, 2.27210217e+01,
       4.28591576e+01, 3.57332268e+01, 7.27268448e+01, 7.90853882e+01,
       3.74299316e+01, 6.79076614e+01, 1.41086243e+02, 1.85016327e+02,
       1.63199341e+02, 3.14845917e+02, 4.91577057e+02, 4.43287537e+02,
       3.87132080e+02, 5.00000031e+02, 4.59381226e+02, 3.92754578e+02,
       4.60267151e+02, 2.51252487e+02, 2.59785645e+02, 1.47690781e+02,
       8.03088684e+01, 2.87514343e+01, 3.19656372e+01, 8.05809879e+00,
       4.35221717e-02, 1.08459324e-01, 1.41870201e+00, 3.62319678e-01,
       6.70167094e-04, 4.19244310e-03, 2.31064291e-07, 0., 0., 0.,
       5.99799987e-34, 4.75210509e-05, 0., 0., 0., 0., 0., 0., 0., 0.,
       0., 0., 0., 0., 0., 0., 0., 0., 0., 0., 0., 0., 0., 0., 0., 0.,
       0., 0., 0., 0., 0., 0., 0., 0., 0., 0., 0., 0., 0., 0., 0., 0.,
       0., 0., 0., 0., 0., 0., 0., 0., 0., 0., 0., 0., 0., 0., 0., 0.,
       0., 0., 0., 0., 0., 0., 0., 0., 0., 0., 0., 0., 0., 0., 0., 0.,
       0., 0., 0. ]
