%YAML:1.0
---
data: !!opencv-matrix
   rows: 256
   cols: 1
   dt: f
   data: [ 7.11548843e+01, 0., 4.74474818e-01, 1.46961939e+00,
       4.16486053e+01, 1.39801502e+01, 4.92120171e+01, 1.69229477e+02,
       7.23310013e+01, 1.04370483e+02, 1.79507477e+02, 2.44349197e+02,
       9.61169281e+01, 1.83019073e+02, 2.44089874e+02, 1.73055740e+02,
       1.55440811e+02, 3.80643555e+02, 1.70500961e+02, 1.74338058e+02,
       2.60121094e+02, 3.23201080e+02, 2.43228012e+02, 3.76054199e+02,
       2.77179901e+02, 2.45153046e+02, 2.59620544e+02, 2.91497681e+02,
       2.15675018e+02, 2.43576126e+02, 3.75411224e+02, 3.59320160e+02,
       3.37496033e+02, 3.76403809e+02, 3.53522278e+02, 4.13715424e+02,
       500., 3.57893311e+02, 3.09777618e+02, 3.27450531e+02,
       3.95477264e+02, 3.19950531e+02, 3.46699738e+02, 2.53529053e+02,
       2.47184464e+02, 2.34051407e+02, 2.75967133e+02, 2.64018372e+02,
       2.73957489e+02, 1.34433167e+02, 2.09038879e+02, 2.29626114e+02,
       9.04054337e+01, 2.09901474e+02, 1.62027039e+02, 2.02526154e+02,
       1.62253448e+02, 1.25192032e+02, 1.66781601e+02, 1.68616135e+02,
       9.76777725e+01, 1.15689369e+02, 4.87245216e+01, 5.51914215e+01,
       8.80483170e+01, 7.27045059e+01, 1.52345642e+02, 8.56244049e+01,
       8.38739090e+01, 9.02149048e+01, 1.38326462e+02, 9.85580063e+01,
       9.15065308e+01, 9.14933701e+01, 4.76031990e+01, 6.14586067e+01,
       3.98487625e+01, 3.82202072e+01, 3.41592712e+01, 5.89720154e+01,
       3.23342552e+01, 3.38221970e+01, 5.51792297e+01, 7.34904709e+01,
       8.36105194e+01, 7.32124710e+01, 5.00953636e+01, 8.57395935e+01,
       5.91605759e+01, 9.09456635e+01, 8.75079956e+01, 9.50929489e+01,
       4.13462410e+01, 2.61559219e+01, 3.96078110e+01, 3.24693451e+01,
       2.65499554e+01, 2.76979923e+01, 3.14623165e+01, 1.90609264e+01,
       3.80043602e+01, 9.00291824e+00, 1.19498739e+01, 2.15524120e+01,
       7.02846479e+00, 1.12391462e+01, 1.35152960e+01, 1.51513309e+01,
       1.44555750e+01, 9.05740166e+00, 8.38696671e+00, 1.47808352e+01,
       1.45088778e+01, 1.02763033e+01, 7.82037401e+00, 1.51745071e+01,
       6.19116449e+00, 1.21235409e+01, 1.19046526e+01, 1.35306778e+01,
       8.45723343e+00, 1.02198324e+01, 1.80050583e+01, 1.70446167e+01,
       8.48703003e+00, 2.22398624e+01, 2.81515102e+01, 1.59792309e+01,
       2.75050240e+01, 2.52972679e+01, 4.25573463e+01, 9.36328983e+00,
       2.55359039e+01, 2.40152721e+01, 3.32941628e+01, 3.17562790e+01,
       2.53560543e+01, 2.50969105e+01, 2.89295444e+01, 2.30757446e+01,
       1.91286526e+01, 3.30357742e+01, 1.71919975e+01, 1.83644218e+01,
       1.90709114e+01, 2.33509026e+01, 6.86837311e+01, 4.32935829e+01,
       6.15543518e+01, 4.32593384e+01, 4.92751122e+01, 3.46770363e+01,
       3.38901787e+01, 2.71631184e+01, 3.87251701e+01, 3.22560349e+01,
       3.17530022e+01, 3.12717190e+01, 2.82898712e+01, 2.97554245e+01,
       4.14209404e+01, 7.92993317e+01, 3.57835426e+01, 4.42187271e+01,
       4.15625305e+01, 4.19337387e+01, 3.58154144e+01, 6.46689911e+01,
       2.95158882e+01, 3.10547009e+01, 2.64999313e+01, 4.50013313e+01,
       5.41473618e+01, 5.64044647e+01, 3.16039143e+01, 6.21779633e+01,
       5.91079865e+01, 7.85522079e+01, 6.22981567e+01, 8.35168915e+01,
       8.77685547e+01, 5.46939583e+01, 4.30825768e+01, 6.86525269e+01,
       1.13632935e+02, 1.03885109e+02, 1.14605087e+02, 1.07872726e+02,
       1.49668915e+02, 1.27078712e+02, 1.02282013e+02, 7.88186798e+01,
       1.53974945e+02, 8.39005280e+01, 1.30652100e+02, 1.67574326e+02,
       1.06585457e+02, 9.55603867e+01, 1.25977852e+02, 1.16834862e+02,
       1.50224060e+02, 1.65754379e+02, 1.36265488e+02, 1.14128761e+02,
       1.25317986e+02, 1.11687790e+02, 1.03732086e+02, 1.50507645e+02,
       1.06820465e+02, 8.83702850e+01, 5.12572289e+01, 1.04960312e+02,
       6.87178802e+01, 4.54715500e+01, 5.35676270e+01, 3.46188850e+01,
       5.13306732e+01, 4.08282318e+01, 4.90855751e+01, 4.37300072e+01,
       4.58599548e+01, 3.74703941e+01, 1.59202995e+01, 1.31198034e+01,
       2.35363197e+01, 2.58556652e+01, 1.98508472e+01, 2.10875340e+01,
       2.86469116e+01, 2.02271004e+01, 1.66714172e+01, 1.34144850e+01,
       2.63732185e+01, 1.28147688e+01, 1.04762640e+01, 1.35508471e+01,
       1.93627052e+01, 1.03914289e+01, 1.22391663e+01, 1.88077126e+01,
       1.17013397e+01, 7.18029881e+00, 7.40976095e+00, 9.06755924e+00,
       8.05700111e+00, 5.40381527e+00, 5.59071875e+00, 3.65652609e+00,
       6.78944826e+00, 1.08997869e+00, 3.04814959e+00, 4.17444468e+00,
       6.39171302e-01, 5.90081406e+00, 0., 0. ]
