%YAML:1.0
---
data: !!opencv-matrix
   rows: 256
   cols: 1
   dt: f
   data: [ 3.98226585e+01, 0., 0., 0., 3.58373346e-03, 6.08943880e-01,
       8.92509174e+00, 0., 3.34742777e-02, 2.66324103e-01,
       2.91610050e+01, 7.94193923e-01, 2.39632605e-03, 2.54251859e-06,
       1.48869321e-01, 7.17836320e-02, 8.47516418e-01, 7.14497662e+00,
       4.78372015e-02, 6.94900656e+00, 2.33022947e-05, 1.91281572e-01,
       2.23801398e+00, 3.00814927e-01, 4.01117554e+01, 1.79810393e+00,
       2.29015609e-06, 8.01719010e-01, 2.57437695e-02, 0.,
       2.60623264e+01, 6.14658768e-09, 1.05471301e+00, 1.35884657e+01,
       1.19560100e-01, 2.68755865e+00, 2.52929235e+00, 2.10760370e-01,
       6.25583572e+01, 1.48236799e+00, 4.57942734e+01, 4.89448452e+00,
       4.54295605e-01, 6.80576921e-01, 5.41418314e+00, 3.20856285e+01,
       1.48538179e+01, 1.25655041e+01, 1.50497627e+00, 2.85170484e+00,
       2.60828037e+01, 8.09303093e+00, 5.79516745e+00, 3.37114215e+00,
       3.55487251e+01, 4.50858259e+00, 8.99702354e-06, 7.35427523e+00,
       3.51144671e+00, 4.09417567e-07, 2.69477253e+01, 4.09417567e-07,
       3.21963549e+00, 7.07165194e+00, 2.04899197e+01, 3.01527328e+01,
       1.24268036e+01, 2.08632922e+00, 1.18646574e+01, 2.57815685e+01,
       3.56061096e+01, 8.22959244e-01, 3.86823616e+01, 9.86917853e-01,
       6.45974922e+00, 1.60442009e+01, 2.51349068e+00, 4.93508835e+01,
       3.35234146e+01, 3.52823758e+00, 4.62888641e+01, 1.27286968e+01,
       3.51368484e+01, 9.97932434e+00, 5.87881470e+01, 1.34558548e+02,
       5.71048431e+01, 3.61158638e+01, 6.64228668e+01, 3.72921526e-01,
       2.26395325e+02, 6.10191917e+01, 5.54630089e+01, 3.45007896e+01,
       1.75241394e+02, 1.34785110e+02, 3.68542755e+02, 1.89361095e+01,
       3.05475922e+02, 2.60063843e+02, 1.26015175e+02, 1.75223663e+02,
       1.16179428e+02, 9.32260818e+01, 1.32454956e+02, 9.76409836e+01,
       5.50990753e+01, 9.73888626e+01, 3.48565063e+01, 1.27644913e+02,
       6.42351990e+01, 5.03346138e+01, 4.59251060e+01, 2.62718792e+01,
       7.70981293e+01, 8.08547134e+01, 9.04091263e+01, 9.93638458e+01,
       3.11790497e+02, 500., 4.42911499e+02, 2.55860825e+02,
       2.51438293e+02, 1.40474228e+02, 5.25390091e+01, 1.93170910e+01,
       1.57406225e+01, 4.98264265e+00, 1.49222136e+01, 4.52990621e-01,
       1.59932613e+01, 7.36715794e+00, 2.17939178e-05, 2.45817391e-05,
       4.66597385e-06, 1.33045197e+01, 1.85142064e+00, 4.30331945e+00,
       9.95615846e-06, 8.74715261e-06, 5.74632549e+00, 8.74538182e-06,
       1.16605088e-06, 7.29902968e-06, 1.08938046e+01, 1.57546845e-06,
       4.09417567e-07, 1.16870694e-06, 0., 1.16605088e-06,
       1.43284118e+00, 0., 0., 0., 4.21519399e-01, 3.84641290e+00,
       2.65608024e-09, 0., 2.62464420e-03, 4.59073782e+00,
       1.68064861e+01, 0., 3.17074370e+00, 0., 0., 1.33938005e-03, 0.,
       5.40371323e+00, 9.89847469e+00, 0., 1.36415327e+00, 0., 0.,
       1.31268152e-05, 2.03019276e+01, 2.05382609e+00, 2.69430690e-03,
       0., 0., 0., 0., 0., 0., 0., 0., 0., 0., 0., 0., 0., 0., 0., 0.,
       0., 0., 0., 0., 0., 0., 0., 0., 0., 0., 0., 0., 0., 0., 0., 0.,
       0., 0., 0., 0., 0., 0., 0., 0., 0., 0., 0., 0., 0., 0., 0., 0.,
       0., 0., 0., 0., 0., 0., 0., 0., 0., 0., 0., 0., 0., 0., 0., 0.,
       0., 0., 0., 0., 0., 0., 0., 0., 0., 0., 0., 0., 0., 0., 0. ]
