%YAML:1.0
---
data: !!opencv-matrix
   rows: 256
   cols: 1
   dt: f
   data: [ 0., 0., 0., 0., 0., 0., 0., 0., 7.34741070e-06, 0., 0., 0.,
       6.77057207e-01, 0., 6.77046180e-01, 0., 1.69261539e+00, 0., 0.,
       1.01556921e+00, 7.34741070e-06, 6.77046180e-01, 6.77068233e-01,
       2.20422316e-05, 2.27965879e+00, 1.01825213e+00, 1.43025130e-01,
       1.62770820e+00, 2.36966252e+00, 9.85798120e-01, 2.56003928e+00,
       2.89273238e+00, 7.99386203e-03, 3.04672122e+00, 2.39009356e+00,
       2.64594507e+00, 3.36695766e+00, 7.64484584e-01, 4.67552710e+00,
       5.04554653e+00, 4.90330839e+00, 5.18987036e+00, 7.62095833e+00,
       9.04649925e+00, 5.15898514e+00, 1.04791470e+01, 7.35740089e+00,
       1.29604197e+01, 1.92554131e+01, 1.80400410e+01, 5.17482224e+01,
       6.63905563e+01, 5.79884834e+01, 4.52873421e+01, 5.07751770e+01,
       6.97608261e+01, 9.34760818e+01, 7.10331650e+01, 5.58340569e+01,
       6.24696503e+01, 8.04212494e+01, 7.64319839e+01, 8.31520844e+01,
       8.12548141e+01, 7.05845261e+01, 9.81944504e+01, 1.19130898e+02,
       9.67696075e+01, 1.27956711e+02, 1.52492294e+02, 2.03787689e+02,
       1.90811798e+02, 2.05828445e+02, 2.63767578e+02, 2.43865372e+02,
       2.72506348e+02, 2.10592194e+02, 2.05911896e+02, 1.92090881e+02,
       1.22520737e+02, 1.17886375e+02, 1.54454590e+02, 1.25623978e+02,
       9.62476425e+01, 1.01660599e+02, 1.23154915e+02, 1.41643967e+02,
       1.17239342e+02, 1.03372360e+02, 1.35314590e+02, 2.07276962e+02,
       1.18600288e+02, 1.05514099e+02, 1.21080849e+02, 9.12418518e+01,
       1.26974022e+02, 1.37445282e+02, 1.47518906e+02, 1.03737587e+02,
       1.00829956e+02, 1.34548965e+02, 1.14852806e+02, 1.23496132e+02,
       1.53517715e+02, 2.22419846e+02, 2.13671326e+02, 2.69893738e+02,
       2.07892365e+02, 3.02763794e+02, 1.87655411e+02, 2.05129761e+02,
       2.43125443e+02, 2.50495483e+02, 2.14420502e+02, 2.24549667e+02,
       2.26061417e+02, 2.78089966e+02, 3.43837158e+02, 3.68355560e+02,
       3.03911469e+02, 2.68236755e+02, 2.46385178e+02, 2.17669464e+02,
       2.35718750e+02, 1.80410156e+02, 1.49833862e+02, 2.52112854e+02,
       1.21400444e+02, 2.25911911e+02, 2.49910645e+02, 1.82531418e+02,
       2.05952988e+02, 2.34616684e+02, 1.93151566e+02, 2.10249619e+02,
       2.45442719e+02, 3.01685181e+02, 2.44151810e+02, 1.55050690e+02,
       2.33379715e+02, 2.11739166e+02, 2.31967102e+02, 5.99778137e+01,
       2.72678253e+02, 2.06894043e+02, 2.67939697e+02, 3.12561157e+02,
       3.01608032e+02, 2.45112839e+02, 1.50725403e+02, 2.62273132e+02,
       2.04981552e+02, 2.70911682e+02, 2.74034943e+02, 2.86782196e+02,
       3.16293915e+02, 3.29751892e+02, 2.85866821e+02, 3.03529419e+02,
       3.32584778e+02, 3.97124115e+02, 4.09728546e+02, 3.07920074e+02,
       3.67582062e+02, 3.96720520e+02, 3.96758667e+02, 3.91543610e+02,
       4.18575043e+02, 3.98417175e+02, 4.63995209e+02, 4.64839478e+02,
       4.95593292e+02, 4.57349670e+02, 4.81230896e+02, 3.84830353e+02,
       500., 3.56672119e+02, 2.62701721e+02, 3.52214813e+02,
       4.32758240e+02, 2.92854919e+02, 2.49368668e+02, 1.74185287e+02,
       2.24545975e+02, 2.36447281e+02, 2.44284332e+02, 3.21113220e+02,
       2.70245605e+02, 1.55420837e+02, 1.99331635e+02, 2.69975159e+02,
       2.22301025e+02, 1.57962021e+02, 2.76195007e+02, 2.75270050e+02,
       3.50752899e+02, 4.20500977e+02, 3.55825409e+02, 4.40466644e+02,
       4.06402069e+02, 4.17323639e+02, 4.46371368e+02, 4.13239563e+02,
       4.18424377e+02, 3.65107117e+02, 3.38267212e+02, 2.26723755e+02,
       3.03021301e+02, 2.29223358e+02, 1.64908875e+02, 4.99544640e+01,
       7.60550308e+01, 2.14223587e+02, 9.25120392e+01, 1.70735367e+02,
       6.28846855e+01, 8.61450577e+01, 1.09180984e+02, 1.01395973e+02,
       4.54187279e+01, 1.15934486e+02, 6.51446381e+01, 7.38497620e+01,
       1.14529480e+02, 1.00747917e+02, 4.60250778e+01, 6.27332153e+01,
       1.08166590e+01, 6.88152885e+00, 6.80671616e+01, 5.01157141e+00,
       6.91819916e+01, 5.19703674e+01, 4.19614792e+00, 2.38492703e+00,
       3.33242302e+01, 1.94994869e+01, 3.30055771e+01, 2.04509106e+01,
       5.80544281e+00, 3.00175834e+00, 4.78831444e+01, 4.75754585e+01,
       4.35803795e+01, 6.42536469e+01, 4.45336266e+01, 3.72243309e+01,
       2.30997295e+01, 5.60345650e+01, 1.41780968e+01, 2.80451374e+01,
       1.38119268e+00, 1.39455700e+00, 1.47096882e+01, 1.73927593e+00,
       0. ]
