%YAML:1.0
---
data: !!opencv-matrix
   rows: 256
   cols: 1
   dt: f
   data: [ 0., 0., 0., 0., 0., 0., 0., 0., 0., 0., 0., 0., 0., 0., 0.,
       0., 0., 0., 0., 0., 0., 0., 0., 0., 0., 0., 0., 0., 0., 0., 0.,
       0., 0., 0., 0., 0., 0., 0., 0., 0., 0., 0., 0., 0., 0., 0., 0.,
       0., 0., 0., 0., 0., 0., 0., 0., 0., 0., 0., 0., 0., 0., 0., 0.,
       0., 0., 0., 0., 0., 0., 0., 0., 0., 0., 0., 0., 0., 0., 0., 0.,
       0., 0., 0., 0., 0., 0., 0., 0., 0., 0., 0., 0., 0., 0., 0., 0.,
       0., 0., 0., 0., 0., 0., 0., 0., 0., 0., 0., 0., 0., 0., 0., 0.,
       0., 0., 0., 0., 0., 1.28837167e-11, 3.71645640e-13,
       1.30479483e-09, 1.51776385e+00, 9.96238856e-19, 1.51776385e+00,
       4.94978485e-06, 4.81530014e-06, 1.32519481e-10, 4.63271402e-02,
       3.89550150e-05, 5.09231138e+00, 3.57417250e+00, 1.53664482e+00,
       1.37608871e+01, 2.71745014e+00, 1.51862106e+01, 1.52034223e+00,
       4.56066561e+00, 2.49463511e+00, 1.41902533e+01, 2.21401062e+01,
       5.20549870e+00, 9.29312897e+00, 5.14307642e+00, 7.56311989e+00,
       2.63181477e+01, 1.54309635e+01, 3.72981873e+01, 1.21607866e+01,
       3.30529938e+01, 3.11210556e+01, 2.66555176e+01, 3.63341789e+01,
       4.99853249e+01, 1.20351746e+02, 4.46934052e+01, 6.50681839e+01,
       2.77933807e+01, 6.39589195e+01, 9.79382401e+01, 2.25927010e+01,
       6.13306808e+01, 6.72903442e+01, 9.72407455e+01, 9.14953003e+01,
       1.55722733e+02, 1.43942291e+02, 1.94841629e+02, 2.38790329e+02,
       3.43942108e+02, 3.79897217e+02, 4.99999969e+02, 4.78526245e+02,
       4.18795074e+02, 3.15271362e+02, 2.57695007e+02, 1.77431885e+02,
       1.66344376e+02, 9.07789307e+01, 8.90375137e+01, 7.02500076e+01,
       3.87598953e+01, 6.11788826e+01, 3.83762436e+01, 3.42387733e+01,
       2.61023083e+01, 9.50830078e+00, 1.82649326e+01, 4.13239288e+01,
       2.44613953e+01, 2.98731937e+01, 1.38479261e+01, 1.75969219e+01,
       2.23106174e+01, 2.48270664e+01, 2.51342239e+01, 1.90600891e+01,
       2.79054489e+01, 2.52265301e+01, 1.42374477e+01, 1.19505091e+01,
       9.57516575e+00, 1.48450584e+01, 1.06151848e+01, 7.86927319e+00,
       7.31880856e+00, 1.42872066e+01, 8.07730293e+00, 3.12335324e+00,
       3.25129914e+00, 5.97680759e+00, 6.30140901e-01, 5.12923002e+00,
       6.36534882e+00, 6.62921381e+00, 9.38690245e-01, 7.03369427e+00,
       4.83660269e+00, 2.92977905e+00, 6.05045271e+00, 7.59309626e+00,
       7.06558561e+00, 8.10935211e+00, 2.48805714e+00, 3.71263433e+00,
       7.34269142e+00, 5.61137581e+00, 2.38130903e+00, 9.96849155e+00,
       2.54362011e+00, 8.34133148e+00, 5.97849560e+00, 4.97338581e+00,
       4.24000120e+00, 1.58053529e+00, 2.46801353e+00, 9.25606346e+00,
       5.86790848e+00, 6.25674200e+00, 1.09512234e+01, 4.88714552e+00,
       1.86600151e+01, 1.93215466e+01, 1.75282650e+01, 1.59705381e+01,
       3.20637360e+01, 1.09614410e+01, 1.70180759e+01, 1.35434723e+01,
       1.19113674e+01, 4.76428938e+00, 1.04971085e+01, 6.40826046e-01,
       8.37289691e-01, 1.32639158e+00, 1.39447320e+00, 7.92585194e-01,
       8.11378241e-01, 0. ]
