%YAML:1.0
---
data: !!opencv-matrix
   rows: 256
   cols: 1
   dt: f
   data: [ 0., 0., 0., 0., 0., 0., 0., 0., 0., 0., 0., 0., 0., 0., 0.,
       0., 0., 0., 0., 0., 0., 0., 0., 0., 0., 0., 0., 0., 0., 0., 0.,
       0., 0., 0., 0., 0., 0., 0., 0., 0., 0., 0., 0., 0., 0., 0., 0.,
       0., 0., 0., 0., 0., 0., 0., 0., 0., 0., 0., 0., 0., 0., 0., 0.,
       0., 0., 0., 0., 0., 0., 0., 0., 0., 0., 0., 0., 0., 0., 0., 0.,
       0., 0., 0., 0., 0., 0., 0., 0., 0., 0., 0., 0., 0., 0., 0., 0.,
       0., 0., 0., 0., 0., 0., 0., 0., 0., 0., 0., 0., 0., 0., 0., 0.,
       0., 0., 0., 0., 0., 0., 0., 0., 0., 0., 0., 1.14886202e-24, 0.,
       0., 6.48548659e-36, 1.15596900e-04, 1.02766637e-06,
       1.59000992e-05, 1.15596900e-04, 3.57154679e+00, 4.57961702e+00,
       1.54042387e+01, 4.13824338e-03, 8.25321388e+00, 1.85855370e+01,
       1.44902964e+01, 2.48498878e+01, 1.35135155e+01, 7.63124943e+00,
       1.24441576e-04, 7.77310801e+00, 4.48675314e-03, 2.99684691e+00,
       2.02038312e+00, 5.59252024e+00, 4.93040085e-01, 2.01136379e+01,
       6.60475016e+00, 2.96189785e+01, 1.71066723e+01, 6.60886097e+00,
       2.14807034e+01, 2.99306736e+01, 1.95793514e+01, 1.74338856e+01,
       7.77956724e+00, 2.72003918e+01, 1.02591562e+01, 2.57624435e+01,
       4.49698105e+01, 7.64639854e+00, 3.81800270e+01, 3.46652718e+01,
       3.26484985e+01, 3.27291641e+01, 1.88443928e+01, 3.16070862e+01,
       9.79841518e+00, 1.99860973e+01, 3.21562271e+01, 2.19801464e+01,
       1.94384823e+01, 2.44831848e+01, 1.63579311e+01, 7.31450119e+01,
       1.75845928e+01, 4.13366280e+01, 6.20012512e+01, 6.81485214e+01,
       4.84159279e+01, 5.03894081e+01, 5.06366196e+01, 8.78083420e+01,
       1.13309288e+02, 5.83355293e+01, 7.11620407e+01, 1.39783859e+02,
       1.30666763e+02, 6.83152542e+01, 1.17576126e+02, 6.79200363e+01,
       4.58411217e+01, 8.51564255e+01, 8.03741684e+01, 3.76738739e+01,
       2.74380608e+01, 4.95551758e+01, 3.88001785e+01, 3.05399628e+01,
       2.58013363e+01, 4.61059418e+01, 2.18554668e+01, 2.97170029e+01,
       5.55751877e+01, 6.01010361e+01, 6.88445587e+01, 8.29310684e+01,
       3.54167938e+01, 6.97812958e+01, 6.00221024e+01, 7.10955658e+01,
       7.37393112e+01, 6.42545395e+01, 3.46505470e+01, 1.67386169e+01,
       2.57656593e+01, 4.45207710e+01, 3.83259544e+01, 8.58666992e+01,
       6.17431564e+01, 3.95672073e+01, 3.00824738e+01, 1.89459171e+01,
       3.66640244e+01, 4.72099800e+01, 1.83964901e+01, 4.85359497e+01,
       1.29518642e+01, 1.08248682e+01, 9.01392651e+00, 1.39912643e+01,
       3.00582390e+01, 1.71297474e+01, 1.39623966e+01, 1.12725525e+01,
       4.05500641e+01, 3.37145729e+01, 1.51571548e+00, 1.85521374e+01,
       2.07792683e+01, 2.07381039e+01, 1.25237368e-02, 2.01868038e+01,
       6.52968311e+00, 7.25008297e+00, 2.48146515e+01, 1.08208303e+01,
       9.50252819e+00, 2.29046273e+00, 1.78287640e+01, 4.20266266e+01,
       1.12695465e+02, 2.30802826e+02, 500., 0. ]
