%YAML:1.0
---
data: !!opencv-matrix
   rows: 256
   cols: 1
   dt: f
   data: [ 500., 0., 0., 0., 1.47527852e-03, 1.65240734e-03,
       8.14803314e+00, 2.31753762e-35, 1.68707733e+01, 3.33537445e+01,
       1.12243210e+02, 4.02263069e+01, 2.88489952e+01, 3.18449211e+01,
       1.41916397e+02, 6.14496841e+01, 1.02714088e+02, 1.89990631e+02,
       8.04406929e+00, 7.12775726e+01, 1.13652439e+01, 5.03390431e-01,
       8.63057861e+01, 6.94428623e-01, 6.94511414e+01, 4.57695961e+00,
       2.10934933e-11, 8.14212799e+00, 0., 0., 2.92477264e+02, 0., 0.,
       9.06892586e+00, 0., 2.31753762e-35, 0., 0., 1.22522202e+01, 0.,
       8.58191299e+00, 6.46396165e-06, 0., 0., 0., 9.46488419e+01,
       2.16308138e-07, 2.95057334e-03, 0., 0., 1.12008929e+00, 0.,
       9.58872747e-30, 2.34768957e-01, 4.51517940e-01, 0., 0.,
       4.76869977e-22, 0., 0., 1.59792160e-03, 0., 0., 5.21576391e-25,
       5.06333828e-01, 2.08839107e+00, 1.63984587e-04, 0.,
       6.03272295e+00, 5.78105211e+00, 1.45855513e+01, 3.35567343e-08,
       4.65818691e+00, 0., 2.31901839e-01, 1.24059477e+01,
       9.37969889e-06, 4.65696859e+00, 1.32797546e+01, 2.24419951e+00,
       1.08609381e+01, 2.09565067e+00, 9.19666958e+00, 1.96434479e+01,
       2.17239017e+01, 3.77046890e+01, 5.32003326e+01, 4.45234184e+01,
       1.01690361e+02, 9.16666336e+01, 2.82223816e+02, 1.09166420e+02,
       6.08519974e+01, 1.06573402e+02, 7.90121231e+01, 1.38636017e+02,
       1.45595673e+02, 1.28275543e+02, 3.70287056e+01, 1.03891186e-13,
       6.17079391e+01, 2.10194770e-44, 0., 0., 0., 1.58783424e+00, 0.,
       0., 0., 0., 0., 0., 0., 0., 0., 0., 0., 0., 0., 0., 0., 0., 0.,
       0., 0., 0., 0., 0., 6.54492097e-32, 0., 0., 0., 0., 0., 0.,
       7.73366928e+01, 0., 0., 0., 0., 0., 0., 0., 0., 0., 0., 0., 0.,
       0., 0., 8.05383530e+01, 0., 0., 0., 0., 0., 0., 0.,
       7.32991201e-41, 0., 1.81498489e+01, 0., 0., 0., 0.,
       4.09082460e+00, 0., 0., 9.27056485e-33, 0., 7.20785320e-01, 0.,
       0., 6.03112698e+00, 2.71366978e+00, 7.03994062e-34, 0., 0., 0.,
       0., 0., 0., 0., 0., 0., 0., 0., 0., 0., 0., 0., 0., 0., 0., 0.,
       0., 0., 0., 0., 0., 0., 0., 0., 0., 0., 0., 0., 0., 0., 0., 0.,
       0., 0., 0., 0., 0., 0., 0., 0., 0., 0., 0., 0., 0., 0., 0., 0.,
       0., 0., 0., 0., 0., 0., 0., 0., 0., 0., 0., 0., 0., 0., 0., 0.,
       0., 0., 0., 0., 0., 0., 0., 0., 0., 0., 0., 0., 0. ]
