%YAML:1.0
---
data: !!opencv-matrix
   rows: 256
   cols: 1
   dt: f
   data: [ 4.53028534e+02, 3.41548004e+02, 4.99999969e+02,
       3.05061340e+02, 8.14463730e+01, 9.70000305e+01, 3.90081940e+01,
       8.53421555e+01, 4.71934471e+01, 3.34027443e+01, 5.53152657e+01,
       6.43135300e+01, 5.79570580e+01, 6.06105576e+01, 9.02686691e+01,
       9.41708298e+01, 4.87789230e+01, 6.44931412e+01, 6.04319725e+01,
       3.62646294e+01, 4.02729568e+01, 4.52142410e+01, 3.52324371e+01,
       2.15251064e+01, 2.80575409e+01, 3.59377174e+01, 1.26682415e+01,
       6.37626791e+00, 1.07440910e+01, 1.42859802e+01, 9.95110226e+00,
       1.43229017e+01, 2.01245518e+01, 1.12444696e+01, 1.62458210e+01,
       1.21727257e+01, 1.68268089e+01, 6.64040074e-03, 6.12205982e+00,
       1.24734888e+01, 1.87119627e+00, 1.44926863e+01, 8.19611835e+00,
       1.28540001e+01, 4.60998535e+00, 5.21294451e+00, 1.42919369e+01,
       3.88741040e+00, 6.51970196e+00, 1.76094234e+00, 2.59416437e+00,
       8.83928299e+00, 1.83300185e+00, 2.55758247e+01, 1.18856239e+01,
       3.14360309e+00, 9.07637882e+00, 6.34540892e+00, 5.85187721e+00,
       6.74171162e+00, 1.23082438e+01, 6.09206629e+00, 3.87232232e+00,
       2.08639278e+01, 2.55389142e+00, 3.43550606e+01, 2.25455742e+01,
       5.16308327e+01, 4.76650352e+01, 9.64523087e+01, 5.71095963e+01,
       9.58757477e+01, 7.18612442e+01, 1.07305145e+02, 1.08011642e+02,
       8.26819534e+01, 8.68189697e+01, 5.46847000e+01, 9.83606949e+01,
       5.59850273e+01, 1.98605080e+01, 6.17789364e+00, 4.61388636e+00,
       1.81050730e+00, 9.79434353e-32, 0., 1.29908685e-05, 0., 0., 0.,
       0., 0., 0., 0., 0., 0., 0., 0., 0., 0., 0., 0., 0., 0., 0., 0.,
       0., 0., 0., 0., 0., 0., 0., 0., 0., 0., 0., 0., 0., 0., 0., 0.,
       0., 0., 0., 0., 0., 0., 0., 0., 0., 0., 0., 0., 0., 0., 0., 0.,
       0., 0., 0., 0., 0., 0., 0., 0., 0., 0., 0., 0., 0., 0., 0., 0.,
       0., 0., 0., 0., 0., 0., 0., 0., 0., 0., 0., 0., 0., 0., 0., 0.,
       0., 0., 0., 0., 0., 0., 0., 0., 0., 0., 0., 0., 0., 0., 0., 0.,
       0., 0., 0., 0., 0., 0., 0., 0., 0., 0., 0., 0., 0., 0., 0., 0.,
       0., 0., 0., 0., 0., 0., 0., 0., 0., 0., 0., 0., 0., 0., 0., 0.,
       0., 0., 0., 0., 0., 0., 0., 0., 0., 0., 0., 0., 0., 0., 0., 0.,
       0., 0., 0., 0., 0., 0., 0., 0., 0., 0., 0., 0., 0., 0., 0., 0.,
       0., 0., 0., 0., 0., 0. ]
